

seed_val:    1
(T=1.0) Metropolis ended with magnetization 0.026938775510204082 after 1000000 iterations
 0.601,     0.551,    [     0.000],    20.086
 0.611,     0.559,    [     0.000],    20.086
 0.616,     0.567,    [     0.000],    20.086
 0.597,     0.547,    [     0.000],    20.086
 0.618,     0.571,    [     0.000],    20.086
 0.614,     0.547,    [     0.000],    20.086
 0.641,     0.555,    [     0.000],    20.086
 0.656,     0.567,    [     0.000],    20.086
 0.646,     0.547,    [     0.000],    20.086
 0.629,     0.559,    [     0.000],    20.086
 0.637,     0.567,    [     0.000],    20.086
 0.657,     0.608,    [     0.000],    20.086
 0.660,     0.584,    [     0.000],    20.086
 0.661,     0.608,    [     0.000],    20.086
 0.678,     0.596,    [     0.000],    20.086

 pctg,    rr,    α,    β
 0.600,     0.588,    [     0.000],    20.086
(T=1.0) Metropolis ended with magnetization 0.026938775510204082 after 1000000 iterations

 pctg_inductive,    rr,    α,    β
 0.000,     0.643,    [     0.000],    20.086
 0.677,     0.666,    [     0.000],    20.086
 0.597,     0.656,    [     0.000],    20.086
 0.694,     0.663,    [     0.000],    20.086
 0.677,     0.640,    [     0.000],    20.086
 0.677,     0.627,    [     0.000],    20.086
 0.050,     0.639,    [     0.000],    20.086
 0.715,     0.623,    [     0.000],    20.086
 0.732,     0.612,    [     0.000],    20.086
 0.715,     0.592,    [     0.000],    20.086
 0.756,     0.597,    [     0.000],    20.086
 0.740,     0.606,    [     0.000],    20.086
 0.100,     0.636,    [     0.000],    20.086
 0.668,     0.646,    [     0.000],    20.086
 0.658,     0.654,    [     0.000],    20.086
 0.663,     0.640,    [     0.000],    20.086
 0.647,     0.619,    [     0.000],    20.086
 0.674,     0.629,    [     0.000],    20.086
 0.150,     0.611,    [     0.000],    20.086
 0.690,     0.659,    [     0.000],    20.086
 0.673,     0.661,    [     0.000],    20.086
 0.682,     0.645,    [     0.000],    20.086
 0.702,     0.659,    [     0.000],    20.086
 0.694,     0.655,    [     0.000],    20.086
 0.200,     0.658,    [     0.000],    20.086
 0.668,     0.684,    [     0.000],    20.086
 0.671,     0.697,    [     0.000],    20.086
 0.678,     0.693,    [     0.000],    20.086
 0.704,     0.695,    [     0.000],    20.086
 0.678,     0.673,    [     0.000],    20.086
 0.250,     0.633,    [     0.000],    20.086
 0.677,     0.614,    [     0.000],    20.086
 0.685,     0.614,    [     0.000],    20.086
 0.698,     0.638,    [     0.000],    20.086
 0.693,     0.626,    [     0.000],    20.086
 0.688,     0.631,    [     0.000],    20.086
 0.300,     0.634,    [     0.000],    20.086
 0.692,     0.666,    [     0.000],    20.086
 0.704,     0.676,    [     0.000],    20.086
 0.699,     0.668,    [     0.000],    20.086
 0.699,     0.668,    [     0.000],    20.086
 0.683,     0.661,    [     0.000],    20.086
 0.350,     0.662,    [     0.000],    20.086
 0.665,     0.627,    [     0.000],    20.086
 0.661,     0.632,    [     0.000],    20.086
 0.659,     0.646,    [     0.000],    20.086
 0.667,     0.651,    [     0.000],    20.086
 0.665,     0.649,    [     0.000],    20.086
 0.400,     0.667,    [     0.000],    20.086
 0.676,     0.646,    [     0.000],    20.086
 0.676,     0.643,    [     0.000],    20.086
 0.672,     0.655,    [     0.000],    20.086
 0.683,     0.655,    [     0.000],    20.086
 0.676,     0.646,    [     0.000],    20.086
 0.450,     0.651,    [     0.000],    20.086
 0.675,     0.634,    [     0.000],    20.086
 0.684,     0.634,    [     0.000],    20.086
 0.682,     0.650,    [     0.000],    20.086
 0.677,     0.650,    [     0.000],    20.086
 0.688,     0.621,    [     0.000],    20.086
 0.500,     0.637,    [     0.000],    20.086
 0.680,     0.622,    [     0.000],    20.086
 0.677,     0.644,    [     0.000],    20.086
 0.688,     0.633,    [     0.000],    20.086
 0.690,     0.633,    [     0.000],    20.086
 0.696,     0.625,    [     0.000],    20.086
 0.550,     0.648,    [     0.000],    20.086
 0.675,     0.682,    [     0.000],    20.086
 0.675,     0.682,    [     0.000],    20.086
 0.669,     0.686,    [     0.000],    20.086
 0.650,     0.678,    [     0.000],    20.086
 0.672,     0.678,    [     0.000],    20.086
 0.600,     0.680,    [     0.000],    20.086


seed_val:    2
(T=1.0) Metropolis ended with magnetization 0.2163265306122449 after 1000000 iterations
 0.595,     0.641,    [     0.000],    20.086
 0.624,     0.653,    [     0.000],    20.086
 0.637,     0.678,    [     0.000],    20.086
 0.641,     0.682,    [     0.000],    20.086
 0.624,     0.669,    [     0.000],    20.086
 0.629,     0.665,    [     0.000],    20.086
 0.626,     0.665,    [     0.000],    20.086
 0.614,     0.653,    [     0.000],    20.086
 0.642,     0.678,    [     0.000],    20.086
 0.637,     0.661,    [     0.000],    20.086
 0.633,     0.673,    [     0.000],    20.086
 0.652,     0.678,    [     0.000],    20.086
 0.646,     0.678,    [     0.000],    20.086
 0.649,     0.678,    [     0.000],    20.086
 0.648,     0.686,    [     0.000],    20.086

 pctg,    rr,    α,    β
 0.600,     0.657,    [     0.000],    20.086
(T=1.0) Metropolis ended with magnetization 0.2163265306122449 after 1000000 iterations

 pctg_inductive,    rr,    α,    β
 0.000,     0.657,    [     0.000],    20.086
 0.742,     0.630,    [     0.000],    20.086
 0.758,     0.614,    [     0.000],    20.086
 0.758,     0.625,    [     0.000],    20.086
 0.758,     0.623,    [     0.000],    20.086
 0.790,     0.623,    [     0.000],    20.086
 0.050,     0.628,    [     0.000],    20.086
 0.715,     0.650,    [     0.000],    20.086
 0.724,     0.652,    [     0.000],    20.086
 0.707,     0.642,    [     0.000],    20.086
 0.715,     0.659,    [     0.000],    20.086
 0.732,     0.653,    [     0.000],    20.086
 0.100,     0.659,    [     0.000],    20.086
 0.647,     0.688,    [     0.000],    20.086
 0.668,     0.667,    [     0.000],    20.086
 0.674,     0.675,    [     0.000],    20.086
 0.696,     0.690,    [     0.000],    20.086
 0.696,     0.679,    [     0.000],    20.086
 0.150,     0.658,    [     0.000],    20.086
 0.661,     0.653,    [     0.000],    20.086
 0.657,     0.663,    [     0.000],    20.086
 0.629,     0.655,    [     0.000],    20.086
 0.653,     0.653,    [     0.000],    20.086
 0.641,     0.661,    [     0.000],    20.086
 0.200,     0.657,    [     0.000],    20.086
 0.720,     0.621,    [     0.000],    20.086
 0.707,     0.619,    [     0.000],    20.086
 0.717,     0.623,    [     0.000],    20.086
 0.726,     0.627,    [     0.000],    20.086
 0.713,     0.630,    [     0.000],    20.086
 0.250,     0.643,    [     0.000],    20.086
 0.633,     0.659,    [     0.000],    20.086
 0.639,     0.659,    [     0.000],    20.086
 0.636,     0.650,    [     0.000],    20.086
 0.636,     0.645,    [     0.000],    20.086
 0.636,     0.664,    [     0.000],    20.086
 0.300,     0.659,    [     0.000],    20.086
 0.664,     0.671,    [     0.000],    20.086
 0.676,     0.646,    [     0.000],    20.086
 0.671,     0.653,    [     0.000],    20.086
 0.681,     0.656,    [     0.000],    20.086
 0.688,     0.648,    [     0.000],    20.086
 0.350,     0.655,    [     0.000],    20.086
 0.684,     0.668,    [     0.000],    20.086
 0.686,     0.643,    [     0.000],    20.086
 0.704,     0.668,    [     0.000],    20.086
 0.696,     0.654,    [     0.000],    20.086
 0.702,     0.673,    [     0.000],    20.086
 0.400,     0.660,    [     0.000],    20.086
 0.641,     0.655,    [     0.000],    20.086
 0.647,     0.661,    [     0.000],    20.086
 0.670,     0.676,    [     0.000],    20.086
 0.665,     0.658,    [     0.000],    20.086
 0.667,     0.667,    [     0.000],    20.086
 0.450,     0.672,    [     0.000],    20.086
 0.648,     0.673,    [     0.000],    20.086
 0.672,     0.647,    [     0.000],    20.086
 0.670,     0.660,    [     0.000],    20.086
 0.664,     0.663,    [     0.000],    20.086
 0.659,     0.654,    [     0.000],    20.086
 0.500,     0.645,    [     0.000],    20.086
 0.663,     0.644,    [     0.000],    20.086
 0.651,     0.636,    [     0.000],    20.086
 0.657,     0.644,    [     0.000],    20.086
 0.671,     0.644,    [     0.000],    20.086
 0.671,     0.647,    [     0.000],    20.086
 0.550,     0.650,    [     0.000],    20.086
 0.664,     0.604,    [     0.000],    20.086
 0.664,     0.629,    [     0.000],    20.086
 0.665,     0.633,    [     0.000],    20.086
 0.663,     0.620,    [     0.000],    20.086
 0.671,     0.633,    [     0.000],    20.086
 0.600,     0.663,    [     0.000],    20.086


seed_val:    3
(T=1.0) Metropolis ended with magnetization 0.1346938775510204 after 1000000 iterations
 0.615,     0.641,    [     0.000],    20.086
 0.678,     0.694,    [     0.000],    20.086
 0.697,     0.710,    [     0.000],    20.086
 0.699,     0.669,    [     0.000],    20.086
 0.695,     0.678,    [     0.000],    20.086
 0.703,     0.702,    [     0.000],    20.086
 0.706,     0.678,    [     0.000],    20.086
 0.697,     0.698,    [     0.000],    20.086
 0.706,     0.694,    [     0.000],    20.086
 0.699,     0.710,    [     0.000],    20.086
 0.683,     0.718,    [     0.000],    20.086
 0.707,     0.714,    [     0.000],    20.086
 0.694,     0.718,    [     0.000],    20.086
 0.699,     0.702,    [     0.000],    20.086
 0.694,     0.702,    [     0.000],    20.086

 pctg,    rr,    α,    β
 0.600,     0.645,    [     0.000],    20.086
(T=1.0) Metropolis ended with magnetization 0.1346938775510204 after 1000000 iterations

 pctg_inductive,    rr,    α,    β
 0.000,     0.686,    [     0.000],    20.086
 0.661,     0.670,    [     0.000],    20.086
 0.710,     0.675,    [     0.000],    20.086
 0.645,     0.671,    [     0.000],    20.086
 0.645,     0.670,    [     0.000],    20.086
 0.694,     0.659,    [     0.000],    20.086
 0.050,     0.686,    [     0.000],    20.086
 0.691,     0.691,    [     0.000],    20.086
 0.707,     0.695,    [     0.000],    20.086
 0.691,     0.708,    [     0.000],    20.086
 0.707,     0.706,    [     0.000],    20.086
 0.691,     0.688,    [     0.000],    20.086
 0.100,     0.674,    [     0.000],    20.086
 0.679,     0.700,    [     0.000],    20.086
 0.668,     0.688,    [     0.000],    20.086
 0.668,     0.708,    [     0.000],    20.086
 0.674,     0.683,    [     0.000],    20.086
 0.679,     0.683,    [     0.000],    20.086
 0.150,     0.666,    [     0.000],    20.086
 0.706,     0.688,    [     0.000],    20.086
 0.706,     0.684,    [     0.000],    20.086
 0.710,     0.686,    [     0.000],    20.086
 0.702,     0.686,    [     0.000],    20.086
 0.706,     0.692,    [     0.000],    20.086
 0.200,     0.688,    [     0.000],    20.086
 0.700,     0.658,    [     0.000],    20.086
 0.697,     0.654,    [     0.000],    20.086
 0.694,     0.656,    [     0.000],    20.086
 0.694,     0.634,    [     0.000],    20.086
 0.704,     0.667,    [     0.000],    20.086
 0.250,     0.685,    [     0.000],    20.086
 0.690,     0.678,    [     0.000],    20.086
 0.688,     0.682,    [     0.000],    20.086
 0.690,     0.680,    [     0.000],    20.086
 0.688,     0.682,    [     0.000],    20.086
 0.693,     0.680,    [     0.000],    20.086
 0.300,     0.691,    [     0.000],    20.086
 0.718,     0.656,    [     0.000],    20.086
 0.711,     0.648,    [     0.000],    20.086
 0.711,     0.658,    [     0.000],    20.086
 0.709,     0.646,    [     0.000],    20.086
 0.697,     0.656,    [     0.000],    20.086
 0.350,     0.677,    [     0.000],    20.086
 0.678,     0.708,    [     0.000],    20.086
 0.676,     0.719,    [     0.000],    20.086
 0.686,     0.708,    [     0.000],    20.086
 0.686,     0.681,    [     0.000],    20.086
 0.692,     0.717,    [     0.000],    20.086
 0.400,     0.695,    [     0.000],    20.086
 0.688,     0.679,    [     0.000],    20.086
 0.688,     0.670,    [     0.000],    20.086
 0.683,     0.690,    [     0.000],    20.086
 0.683,     0.676,    [     0.000],    20.086
 0.690,     0.682,    [     0.000],    20.086
 0.450,     0.673,    [     0.000],    20.086
 0.679,     0.709,    [     0.000],    20.086
 0.679,     0.699,    [     0.000],    20.086
 0.667,     0.712,    [     0.000],    20.086
 0.682,     0.703,    [     0.000],    20.086
 0.684,     0.716,    [     0.000],    20.086
 0.500,     0.706,    [     0.000],    20.086
 0.708,     0.647,    [     0.000],    20.086
 0.708,     0.647,    [     0.000],    20.086
 0.705,     0.658,    [     0.000],    20.086
 0.699,     0.655,    [     0.000],    20.086
 0.703,     0.655,    [     0.000],    20.086
 0.550,     0.666,    [     0.000],    20.086
 0.680,     0.706,    [     0.000],    20.086
 0.688,     0.714,    [     0.000],    20.086
 0.687,     0.710,    [     0.000],    20.086
 0.687,     0.710,    [     0.000],    20.086
 0.687,     0.727,    [     0.000],    20.086
 0.600,     0.704,    [     0.000],    20.086


seed_val:    4
(T=1.0) Metropolis ended with magnetization 0.025306122448979593 after 1000000 iterations
 0.669,     0.669,    [     0.000],    20.086
 0.675,     0.690,    [     0.000],    20.086
 0.676,     0.682,    [     0.000],    20.086
 0.676,     0.694,    [     0.000],    20.086
 0.695,     0.690,    [     0.000],    20.086
 0.695,     0.694,    [     0.000],    20.086
 0.698,     0.694,    [     0.000],    20.086
 0.701,     0.682,    [     0.000],    20.086
 0.693,     0.690,    [     0.000],    20.086
 0.699,     0.669,    [     0.000],    20.086
 0.705,     0.673,    [     0.000],    20.086
 0.699,     0.673,    [     0.000],    20.086
 0.702,     0.698,    [     0.000],    20.086
 0.702,     0.690,    [     0.000],    20.086
 0.698,     0.673,    [     0.000],    20.086

 pctg,    rr,    α,    β
 0.600,     0.669,    [     0.000],    20.086
(T=1.0) Metropolis ended with magnetization 0.025306122448979593 after 1000000 iterations

 pctg_inductive,    rr,    α,    β
 0.000,     0.687,    [     0.000],    20.086
 0.774,     0.676,    [     0.000],    20.086
 0.774,     0.671,    [     0.000],    20.086
 0.758,     0.675,    [     0.000],    20.086
 0.774,     0.673,    [     0.000],    20.086
 0.790,     0.680,    [     0.000],    20.086
 0.050,     0.680,    [     0.000],    20.086
 0.707,     0.666,    [     0.000],    20.086
 0.732,     0.661,    [     0.000],    20.086
 0.732,     0.675,    [     0.000],    20.086
 0.732,     0.670,    [     0.000],    20.086
 0.732,     0.675,    [     0.000],    20.086
 0.100,     0.672,    [     0.000],    20.086
 0.707,     0.675,    [     0.000],    20.086
 0.707,     0.673,    [     0.000],    20.086
 0.712,     0.673,    [     0.000],    20.086
 0.728,     0.654,    [     0.000],    20.086
 0.707,     0.662,    [     0.000],    20.086
 0.150,     0.661,    [     0.000],    20.086
 0.673,     0.718,    [     0.000],    20.086
 0.678,     0.700,    [     0.000],    20.086
 0.678,     0.694,    [     0.000],    20.086
 0.673,     0.682,    [     0.000],    20.086
 0.661,     0.696,    [     0.000],    20.086
 0.200,     0.691,    [     0.000],    20.086
 0.661,     0.680,    [     0.000],    20.086
 0.671,     0.688,    [     0.000],    20.086
 0.678,     0.678,    [     0.000],    20.086
 0.681,     0.680,    [     0.000],    20.086
 0.678,     0.675,    [     0.000],    20.086
 0.250,     0.688,    [     0.000],    20.086
 0.690,     0.706,    [     0.000],    20.086
 0.693,     0.701,    [     0.000],    20.086
 0.701,     0.692,    [     0.000],    20.086
 0.704,     0.696,    [     0.000],    20.086
 0.693,     0.685,    [     0.000],    20.086
 0.300,     0.670,    [     0.000],    20.086
 0.706,     0.683,    [     0.000],    20.086
 0.702,     0.681,    [     0.000],    20.086
 0.706,     0.673,    [     0.000],    20.086
 0.706,     0.668,    [     0.000],    20.086
 0.706,     0.666,    [     0.000],    20.086
 0.350,     0.678,    [     0.000],    20.086
 0.714,     0.689,    [     0.000],    20.086
 0.712,     0.711,    [     0.000],    20.086
 0.720,     0.698,    [     0.000],    20.086
 0.714,     0.700,    [     0.000],    20.086
 0.718,     0.692,    [     0.000],    20.086
 0.400,     0.671,    [     0.000],    20.086
 0.685,     0.699,    [     0.000],    20.086
 0.679,     0.682,    [     0.000],    20.086
 0.685,     0.690,    [     0.000],    20.086
 0.697,     0.690,    [     0.000],    20.086
 0.694,     0.696,    [     0.000],    20.086
 0.450,     0.658,    [     0.000],    20.086
 0.708,     0.690,    [     0.000],    20.086
 0.700,     0.716,    [     0.000],    20.086
 0.705,     0.699,    [     0.000],    20.086
 0.705,     0.686,    [     0.000],    20.086
 0.705,     0.690,    [     0.000],    20.086
 0.500,     0.665,    [     0.000],    20.086
 0.685,     0.669,    [     0.000],    20.086
 0.690,     0.676,    [     0.000],    20.086
 0.702,     0.662,    [     0.000],    20.086
 0.697,     0.669,    [     0.000],    20.086
 0.699,     0.673,    [     0.000],    20.086
 0.550,     0.686,    [     0.000],    20.086
 0.701,     0.657,    [     0.000],    20.086
 0.709,     0.661,    [     0.000],    20.086
 0.701,     0.661,    [     0.000],    20.086
 0.710,     0.661,    [     0.000],    20.086
 0.712,     0.657,    [     0.000],    20.086
 0.600,     0.678,    [     0.000],    20.086


seed_val:    5
(T=1.0) Metropolis ended with magnetization 0.07755102040816327 after 1000000 iterations
 0.639,     0.604,    [     0.000],    20.086
 0.684,     0.637,    [     0.000],    20.086
 0.717,     0.669,    [     0.000],    20.086
 0.698,     0.657,    [     0.000],    20.086
 0.718,     0.665,    [     0.000],    20.086
 0.690,     0.641,    [     0.000],    20.086
 0.714,     0.657,    [     0.000],    20.086
 0.720,     0.665,    [     0.000],    20.086
 0.714,     0.665,    [     0.000],    20.086
 0.717,     0.661,    [     0.000],    20.086
 0.710,     0.665,    [     0.000],    20.086
 0.706,     0.665,    [     0.000],    20.086
 0.718,     0.665,    [     0.000],    20.086
 0.709,     0.657,    [     0.000],    20.086
 0.722,     0.669,    [     0.000],    20.086

 pctg,    rr,    α,    β
 0.600,     0.706,    [     0.000],    20.086
(T=1.0) Metropolis ended with magnetization 0.07755102040816327 after 1000000 iterations

 pctg_inductive,    rr,    α,    β
 0.000,     0.709,    [     0.000],    20.086
 0.629,     0.688,    [     0.000],    20.086
 0.677,     0.687,    [     0.000],    20.086
 0.710,     0.671,    [     0.000],    20.086
 0.726,     0.668,    [     0.000],    20.086
 0.710,     0.670,    [     0.000],    20.086
 0.050,     0.682,    [     0.000],    20.086
 0.707,     0.679,    [     0.000],    20.086
 0.707,     0.681,    [     0.000],    20.086
 0.699,     0.670,    [     0.000],    20.086
 0.699,     0.677,    [     0.000],    20.086
 0.748,     0.691,    [     0.000],    20.086
 0.100,     0.677,    [     0.000],    20.086
 0.701,     0.696,    [     0.000],    20.086
 0.728,     0.702,    [     0.000],    20.086
 0.717,     0.704,    [     0.000],    20.086
 0.712,     0.704,    [     0.000],    20.086
 0.712,     0.698,    [     0.000],    20.086
 0.150,     0.697,    [     0.000],    20.086
 0.702,     0.680,    [     0.000],    20.086
 0.702,     0.690,    [     0.000],    20.086
 0.710,     0.682,    [     0.000],    20.086
 0.706,     0.690,    [     0.000],    20.086
 0.698,     0.682,    [     0.000],    20.086
 0.200,     0.702,    [     0.000],    20.086
 0.691,     0.684,    [     0.000],    20.086
 0.681,     0.684,    [     0.000],    20.086
 0.687,     0.686,    [     0.000],    20.086
 0.687,     0.684,    [     0.000],    20.086
 0.687,     0.686,    [     0.000],    20.086
 0.250,     0.702,    [     0.000],    20.086
 0.723,     0.678,    [     0.000],    20.086
 0.726,     0.678,    [     0.000],    20.086
 0.712,     0.668,    [     0.000],    20.086
 0.728,     0.678,    [     0.000],    20.086
 0.731,     0.673,    [     0.000],    20.086
 0.300,     0.701,    [     0.000],    20.086
 0.716,     0.709,    [     0.000],    20.086
 0.711,     0.693,    [     0.000],    20.086
 0.723,     0.701,    [     0.000],    20.086
 0.725,     0.721,    [     0.000],    20.086
 0.718,     0.711,    [     0.000],    20.086
 0.350,     0.702,    [     0.000],    20.086
 0.700,     0.703,    [     0.000],    20.086
 0.702,     0.717,    [     0.000],    20.086
 0.692,     0.700,    [     0.000],    20.086
 0.696,     0.711,    [     0.000],    20.086
 0.696,     0.714,    [     0.000],    20.086
 0.400,     0.701,    [     0.000],    20.086
 0.688,     0.708,    [     0.000],    20.086
 0.688,     0.723,    [     0.000],    20.086
 0.701,     0.723,    [     0.000],    20.086
 0.696,     0.726,    [     0.000],    20.086
 0.692,     0.729,    [     0.000],    20.086
 0.450,     0.715,    [     0.000],    20.086
 0.713,     0.680,    [     0.000],    20.086
 0.697,     0.683,    [     0.000],    20.086
 0.705,     0.696,    [     0.000],    20.086
 0.713,     0.693,    [     0.000],    20.086
 0.710,     0.696,    [     0.000],    20.086
 0.500,     0.688,    [     0.000],    20.086
 0.684,     0.680,    [     0.000],    20.086
 0.693,     0.695,    [     0.000],    20.086
 0.690,     0.698,    [     0.000],    20.086
 0.697,     0.684,    [     0.000],    20.086
 0.691,     0.691,    [     0.000],    20.086
 0.550,     0.708,    [     0.000],    20.086
 0.698,     0.653,    [     0.000],    20.086
 0.701,     0.641,    [     0.000],    20.086
 0.698,     0.653,    [     0.000],    20.086
 0.697,     0.653,    [     0.000],    20.086
 0.706,     0.653,    [     0.000],    20.086
 0.600,     0.712,    [     0.000],    20.086


seed_val:    6
(T=1.0) Metropolis ended with magnetization 0.005714285714285714 after 1000000 iterations
 0.585,     0.551,    [     0.000],    20.086
 0.599,     0.580,    [     0.000],    20.086
 0.614,     0.588,    [     0.000],    20.086
 0.608,     0.580,    [     0.000],    20.086
 0.599,     0.551,    [     0.000],    20.086
 0.607,     0.584,    [     0.000],    20.086
 0.633,     0.604,    [     0.000],    20.086
 0.597,     0.559,    [     0.000],    20.086
 0.635,     0.604,    [     0.000],    20.086
 0.618,     0.580,    [     0.000],    20.086
 0.618,     0.584,    [     0.000],    20.086
 0.616,     0.571,    [     0.000],    20.086
 0.642,     0.608,    [     0.000],    20.086
 0.637,     0.608,    [     0.000],    20.086
 0.638,     0.600,    [     0.000],    20.086

 pctg,    rr,    α,    β
 0.600,     0.661,    [     0.000],    20.086
(T=1.0) Metropolis ended with magnetization 0.005714285714285714 after 1000000 iterations

 pctg_inductive,    rr,    α,    β
 0.000,     0.635,    [     0.000],    20.086
 0.661,     0.609,    [     0.000],    20.086
 0.677,     0.614,    [     0.000],    20.086
 0.710,     0.616,    [     0.000],    20.086
 0.742,     0.611,    [     0.000],    20.086
 0.742,     0.609,    [     0.000],    20.086
 0.050,     0.605,    [     0.000],    20.086
 0.699,     0.639,    [     0.000],    20.086
 0.699,     0.624,    [     0.000],    20.086
 0.699,     0.626,    [     0.000],    20.086
 0.691,     0.619,    [     0.000],    20.086
 0.675,     0.626,    [     0.000],    20.086
 0.100,     0.634,    [     0.000],    20.086
 0.701,     0.623,    [     0.000],    20.086
 0.701,     0.625,    [     0.000],    20.086
 0.685,     0.610,    [     0.000],    20.086
 0.696,     0.615,    [     0.000],    20.086
 0.690,     0.613,    [     0.000],    20.086
 0.150,     0.624,    [     0.000],    20.086
 0.649,     0.612,    [     0.000],    20.086
 0.665,     0.629,    [     0.000],    20.086
 0.661,     0.610,    [     0.000],    20.086
 0.678,     0.612,    [     0.000],    20.086
 0.645,     0.606,    [     0.000],    20.086
 0.200,     0.613,    [     0.000],    20.086
 0.681,     0.645,    [     0.000],    20.086
 0.674,     0.612,    [     0.000],    20.086
 0.700,     0.651,    [     0.000],    20.086
 0.681,     0.617,    [     0.000],    20.086
 0.704,     0.610,    [     0.000],    20.086
 0.250,     0.601,    [     0.000],    20.086
 0.660,     0.643,    [     0.000],    20.086
 0.688,     0.647,    [     0.000],    20.086
 0.688,     0.643,    [     0.000],    20.086
 0.679,     0.636,    [     0.000],    20.086
 0.690,     0.654,    [     0.000],    20.086
 0.300,     0.642,    [     0.000],    20.086
 0.653,     0.623,    [     0.000],    20.086
 0.646,     0.618,    [     0.000],    20.086
 0.657,     0.621,    [     0.000],    20.086
 0.655,     0.608,    [     0.000],    20.086
 0.657,     0.628,    [     0.000],    20.086
 0.350,     0.632,    [     0.000],    20.086
 0.635,     0.676,    [     0.000],    20.086
 0.647,     0.673,    [     0.000],    20.086
 0.641,     0.678,    [     0.000],    20.086
 0.643,     0.684,    [     0.000],    20.086
 0.633,     0.662,    [     0.000],    20.086
 0.400,     0.654,    [     0.000],    20.086
 0.634,     0.685,    [     0.000],    20.086
 0.643,     0.673,    [     0.000],    20.086
 0.636,     0.649,    [     0.000],    20.086
 0.650,     0.658,    [     0.000],    20.086
 0.639,     0.679,    [     0.000],    20.086
 0.450,     0.666,    [     0.000],    20.086
 0.656,     0.667,    [     0.000],    20.086
 0.656,     0.657,    [     0.000],    20.086
 0.659,     0.644,    [     0.000],    20.086
 0.674,     0.673,    [     0.000],    20.086
 0.693,     0.690,    [     0.000],    20.086
 0.500,     0.665,    [     0.000],    20.086
 0.660,     0.625,    [     0.000],    20.086
 0.644,     0.596,    [     0.000],    20.086
 0.666,     0.615,    [     0.000],    20.086
 0.665,     0.611,    [     0.000],    20.086
 0.656,     0.589,    [     0.000],    20.086
 0.550,     0.626,    [     0.000],    20.086
 0.657,     0.661,    [     0.000],    20.086
 0.650,     0.669,    [     0.000],    20.086
 0.667,     0.678,    [     0.000],    20.086
 0.659,     0.706,    [     0.000],    20.086
 0.667,     0.702,    [     0.000],    20.086
 0.600,     0.647,    [     0.000],    20.086


seed_val:    7
(T=1.0) Metropolis ended with magnetization 0.017142857142857144 after 1000000 iterations
 0.596,     0.669,    [     0.000],    20.086
 0.586,     0.673,    [     0.000],    20.086
 0.592,     0.665,    [     0.000],    20.086
 0.649,     0.698,    [     0.000],    20.086
 0.654,     0.678,    [     0.000],    20.086
 0.650,     0.694,    [     0.000],    20.086
 0.659,     0.694,    [     0.000],    20.086
 0.665,     0.673,    [     0.000],    20.086
 0.653,     0.665,    [     0.000],    20.086
 0.664,     0.682,    [     0.000],    20.086
 0.657,     0.690,    [     0.000],    20.086
 0.653,     0.690,    [     0.000],    20.086
 0.660,     0.686,    [     0.000],    20.086
 0.660,     0.686,    [     0.000],    20.086
 0.657,     0.686,    [     0.000],    20.086

 pctg,    rr,    α,    β
 0.600,     0.669,    [     0.000],    20.086
(T=1.0) Metropolis ended with magnetization 0.017142857142857144 after 1000000 iterations

 pctg_inductive,    rr,    α,    β
 0.000,     0.665,    [     0.000],    20.086
 0.710,     0.659,    [     0.000],    20.086
 0.710,     0.637,    [     0.000],    20.086
 0.726,     0.642,    [     0.000],    20.086
 0.710,     0.647,    [     0.000],    20.086
 0.726,     0.637,    [     0.000],    20.086
 0.050,     0.660,    [     0.000],    20.086
 0.691,     0.644,    [     0.000],    20.086
 0.715,     0.639,    [     0.000],    20.086
 0.715,     0.664,    [     0.000],    20.086
 0.683,     0.652,    [     0.000],    20.086
 0.691,     0.652,    [     0.000],    20.086
 0.100,     0.652,    [     0.000],    20.086
 0.723,     0.669,    [     0.000],    20.086
 0.728,     0.665,    [     0.000],    20.086
 0.723,     0.663,    [     0.000],    20.086
 0.728,     0.660,    [     0.000],    20.086
 0.707,     0.669,    [     0.000],    20.086
 0.150,     0.671,    [     0.000],    20.086
 0.690,     0.682,    [     0.000],    20.086
 0.698,     0.673,    [     0.000],    20.086
 0.690,     0.682,    [     0.000],    20.086
 0.698,     0.686,    [     0.000],    20.086
 0.690,     0.684,    [     0.000],    20.086
 0.200,     0.664,    [     0.000],    20.086
 0.658,     0.656,    [     0.000],    20.086
 0.661,     0.658,    [     0.000],    20.086
 0.671,     0.660,    [     0.000],    20.086
 0.658,     0.658,    [     0.000],    20.086
 0.661,     0.664,    [     0.000],    20.086
 0.250,     0.681,    [     0.000],    20.086
 0.682,     0.652,    [     0.000],    20.086
 0.685,     0.654,    [     0.000],    20.086
 0.696,     0.659,    [     0.000],    20.086
 0.688,     0.671,    [     0.000],    20.086
 0.682,     0.673,    [     0.000],    20.086
 0.300,     0.664,    [     0.000],    20.086
 0.702,     0.663,    [     0.000],    20.086
 0.699,     0.673,    [     0.000],    20.086
 0.683,     0.671,    [     0.000],    20.086
 0.692,     0.678,    [     0.000],    20.086
 0.683,     0.666,    [     0.000],    20.086
 0.350,     0.655,    [     0.000],    20.086
 0.692,     0.700,    [     0.000],    20.086
 0.686,     0.692,    [     0.000],    20.086
 0.688,     0.700,    [     0.000],    20.086
 0.696,     0.695,    [     0.000],    20.086
 0.690,     0.698,    [     0.000],    20.086
 0.400,     0.669,    [     0.000],    20.086
 0.685,     0.652,    [     0.000],    20.086
 0.685,     0.661,    [     0.000],    20.086
 0.690,     0.664,    [     0.000],    20.086
 0.687,     0.661,    [     0.000],    20.086
 0.685,     0.655,    [     0.000],    20.086
 0.450,     0.661,    [     0.000],    20.086
 0.706,     0.627,    [     0.000],    20.086
 0.708,     0.627,    [     0.000],    20.086
 0.713,     0.621,    [     0.000],    20.086
 0.701,     0.618,    [     0.000],    20.086
 0.703,     0.631,    [     0.000],    20.086
 0.500,     0.649,    [     0.000],    20.086
 0.680,     0.658,    [     0.000],    20.086
 0.688,     0.655,    [     0.000],    20.086
 0.684,     0.655,    [     0.000],    20.086
 0.682,     0.662,    [     0.000],    20.086
 0.685,     0.662,    [     0.000],    20.086
 0.550,     0.653,    [     0.000],    20.086
 0.673,     0.706,    [     0.000],    20.086
 0.675,     0.686,    [     0.000],    20.086
 0.673,     0.678,    [     0.000],    20.086
 0.669,     0.669,    [     0.000],    20.086
 0.671,     0.673,    [     0.000],    20.086
 0.600,     0.690,    [     0.000],    20.086


seed_val:    8
(T=1.0) Metropolis ended with magnetization 0.03183673469387755 after 1000000 iterations
 0.558,     0.567,    [     0.000],    20.086
 0.566,     0.571,    [     0.000],    20.086
 0.571,     0.580,    [     0.000],    20.086
 0.604,     0.584,    [     0.000],    20.086
 0.599,     0.592,    [     0.000],    20.086
 0.600,     0.584,    [     0.000],    20.086
 0.610,     0.604,    [     0.000],    20.086
 0.614,     0.612,    [     0.000],    20.086
 0.616,     0.588,    [     0.000],    20.086
 0.619,     0.616,    [     0.000],    20.086
 0.622,     0.600,    [     0.000],    20.086
 0.652,     0.616,    [     0.000],    20.086
 0.645,     0.612,    [     0.000],    20.086
 0.648,     0.629,    [     0.000],    20.086
 0.660,     0.641,    [     0.000],    20.086

 pctg,    rr,    α,    β
 0.600,     0.665,    [     0.000],    20.086
(T=1.0) Metropolis ended with magnetization 0.03183673469387755 after 1000000 iterations

 pctg_inductive,    rr,    α,    β
 0.000,     0.657,    [     0.000],    20.086
 0.677,     0.632,    [     0.000],    20.086
 0.677,     0.599,    [     0.000],    20.086
 0.645,     0.594,    [     0.000],    20.086
 0.710,     0.587,    [     0.000],    20.086
 0.710,     0.578,    [     0.000],    20.086
 0.050,     0.577,    [     0.000],    20.086
 0.650,     0.626,    [     0.000],    20.086
 0.634,     0.642,    [     0.000],    20.086
 0.642,     0.581,    [     0.000],    20.086
 0.650,     0.577,    [     0.000],    20.086
 0.650,     0.590,    [     0.000],    20.086
 0.100,     0.580,    [     0.000],    20.086
 0.679,     0.663,    [     0.000],    20.086
 0.696,     0.675,    [     0.000],    20.086
 0.685,     0.662,    [     0.000],    20.086
 0.690,     0.646,    [     0.000],    20.086
 0.696,     0.669,    [     0.000],    20.086
 0.150,     0.658,    [     0.000],    20.086
 0.690,     0.635,    [     0.000],    20.086
 0.686,     0.618,    [     0.000],    20.086
 0.678,     0.602,    [     0.000],    20.086
 0.673,     0.598,    [     0.000],    20.086
 0.698,     0.600,    [     0.000],    20.086
 0.200,     0.606,    [     0.000],    20.086
 0.635,     0.627,    [     0.000],    20.086
 0.648,     0.625,    [     0.000],    20.086
 0.642,     0.634,    [     0.000],    20.086
 0.635,     0.641,    [     0.000],    20.086
 0.648,     0.634,    [     0.000],    20.086
 0.250,     0.636,    [     0.000],    20.086
 0.674,     0.607,    [     0.000],    20.086
 0.660,     0.614,    [     0.000],    20.086
 0.663,     0.614,    [     0.000],    20.086
 0.671,     0.619,    [     0.000],    20.086
 0.674,     0.600,    [     0.000],    20.086
 0.300,     0.603,    [     0.000],    20.086
 0.634,     0.656,    [     0.000],    20.086
 0.657,     0.676,    [     0.000],    20.086
 0.674,     0.666,    [     0.000],    20.086
 0.643,     0.663,    [     0.000],    20.086
 0.632,     0.666,    [     0.000],    20.086
 0.350,     0.649,    [     0.000],    20.086
 0.661,     0.659,    [     0.000],    20.086
 0.667,     0.662,    [     0.000],    20.086
 0.676,     0.651,    [     0.000],    20.086
 0.680,     0.659,    [     0.000],    20.086
 0.653,     0.627,    [     0.000],    20.086
 0.400,     0.627,    [     0.000],    20.086
 0.643,     0.637,    [     0.000],    20.086
 0.639,     0.616,    [     0.000],    20.086
 0.652,     0.610,    [     0.000],    20.086
 0.647,     0.601,    [     0.000],    20.086
 0.636,     0.601,    [     0.000],    20.086
 0.450,     0.620,    [     0.000],    20.086
 0.682,     0.578,    [     0.000],    20.086
 0.669,     0.523,    [     0.000],    20.086
 0.675,     0.523,    [     0.000],    20.086
 0.684,     0.549,    [     0.000],    20.086
 0.674,     0.533,    [     0.000],    20.086
 0.500,     0.580,    [     0.000],    20.086
 0.651,     0.629,    [     0.000],    20.086
 0.663,     0.640,    [     0.000],    20.086
 0.656,     0.647,    [     0.000],    20.086
 0.659,     0.640,    [     0.000],    20.086
 0.665,     0.647,    [     0.000],    20.086
 0.550,     0.652,    [     0.000],    20.086
 0.648,     0.616,    [     0.000],    20.086
 0.667,     0.616,    [     0.000],    20.086
 0.645,     0.620,    [     0.000],    20.086
 0.676,     0.629,    [     0.000],    20.086
 0.654,     0.608,    [     0.000],    20.086
 0.600,     0.620,    [     0.000],    20.086


seed_val:    9
(T=1.0) Metropolis ended with magnetization 0.09224489795918367 after 1000000 iterations
 0.699,     0.653,    [     0.000],    20.086
 0.705,     0.669,    [     0.000],    20.086
 0.697,     0.637,    [     0.000],    20.086
 0.687,     0.661,    [     0.000],    20.086
 0.688,     0.669,    [     0.000],    20.086
 0.683,     0.649,    [     0.000],    20.086
 0.702,     0.661,    [     0.000],    20.086
 0.699,     0.649,    [     0.000],    20.086
 0.697,     0.645,    [     0.000],    20.086
 0.695,     0.657,    [     0.000],    20.086
 0.693,     0.649,    [     0.000],    20.086
 0.699,     0.657,    [     0.000],    20.086
 0.699,     0.665,    [     0.000],    20.086
 0.701,     0.649,    [     0.000],    20.086
 0.693,     0.661,    [     0.000],    20.086

 pctg,    rr,    α,    β
 0.600,     0.698,    [     0.000],    20.086
(T=1.0) Metropolis ended with magnetization 0.09224489795918367 after 1000000 iterations

 pctg_inductive,    rr,    α,    β
 0.000,     0.687,    [     0.000],    20.086
 0.774,     0.683,    [     0.000],    20.086
 0.806,     0.678,    [     0.000],    20.086
 0.774,     0.676,    [     0.000],    20.086
 0.774,     0.671,    [     0.000],    20.086
 0.790,     0.671,    [     0.000],    20.086
 0.050,     0.666,    [     0.000],    20.086
 0.699,     0.682,    [     0.000],    20.086
 0.724,     0.681,    [     0.000],    20.086
 0.683,     0.690,    [     0.000],    20.086
 0.724,     0.675,    [     0.000],    20.086
 0.707,     0.679,    [     0.000],    20.086
 0.100,     0.678,    [     0.000],    20.086
 0.750,     0.688,    [     0.000],    20.086
 0.750,     0.687,    [     0.000],    20.086
 0.745,     0.694,    [     0.000],    20.086
 0.750,     0.687,    [     0.000],    20.086
 0.745,     0.690,    [     0.000],    20.086
 0.150,     0.683,    [     0.000],    20.086
 0.673,     0.673,    [     0.000],    20.086
 0.690,     0.684,    [     0.000],    20.086
 0.661,     0.665,    [     0.000],    20.086
 0.682,     0.671,    [     0.000],    20.086
 0.678,     0.665,    [     0.000],    20.086
 0.200,     0.666,    [     0.000],    20.086
 0.736,     0.678,    [     0.000],    20.086
 0.733,     0.675,    [     0.000],    20.086
 0.723,     0.662,    [     0.000],    20.086
 0.749,     0.671,    [     0.000],    20.086
 0.736,     0.669,    [     0.000],    20.086
 0.250,     0.658,    [     0.000],    20.086
 0.704,     0.701,    [     0.000],    20.086
 0.693,     0.699,    [     0.000],    20.086
 0.698,     0.703,    [     0.000],    20.086
 0.690,     0.694,    [     0.000],    20.086
 0.688,     0.687,    [     0.000],    20.086
 0.300,     0.684,    [     0.000],    20.086
 0.716,     0.688,    [     0.000],    20.086
 0.725,     0.676,    [     0.000],    20.086
 0.730,     0.681,    [     0.000],    20.086
 0.720,     0.676,    [     0.000],    20.086
 0.725,     0.693,    [     0.000],    20.086
 0.350,     0.671,    [     0.000],    20.086
 0.708,     0.678,    [     0.000],    20.086
 0.714,     0.670,    [     0.000],    20.086
 0.714,     0.670,    [     0.000],    20.086
 0.710,     0.668,    [     0.000],    20.086
 0.712,     0.665,    [     0.000],    20.086
 0.400,     0.680,    [     0.000],    20.086
 0.697,     0.667,    [     0.000],    20.086
 0.688,     0.661,    [     0.000],    20.086
 0.699,     0.661,    [     0.000],    20.086
 0.696,     0.664,    [     0.000],    20.086
 0.678,     0.643,    [     0.000],    20.086
 0.450,     0.642,    [     0.000],    20.086
 0.680,     0.729,    [     0.000],    20.086
 0.682,     0.716,    [     0.000],    20.086
 0.677,     0.712,    [     0.000],    20.086
 0.677,     0.706,    [     0.000],    20.086
 0.680,     0.722,    [     0.000],    20.086
 0.500,     0.701,    [     0.000],    20.086
 0.688,     0.680,    [     0.000],    20.086
 0.682,     0.680,    [     0.000],    20.086
 0.688,     0.680,    [     0.000],    20.086
 0.685,     0.680,    [     0.000],    20.086
 0.687,     0.673,    [     0.000],    20.086
 0.550,     0.684,    [     0.000],    20.086
 0.693,     0.706,    [     0.000],    20.086
 0.687,     0.702,    [     0.000],    20.086
 0.693,     0.710,    [     0.000],    20.086
 0.699,     0.710,    [     0.000],    20.086
 0.702,     0.710,    [     0.000],    20.086
 0.600,     0.682,    [     0.000],    20.086


seed_val:    10
(T=1.0) Metropolis ended with magnetization 0.05795918367346939 after 1000000 iterations
 0.536,     0.514,    [     0.000],    20.086
 0.589,     0.576,    [     0.000],    20.086
 0.601,     0.584,    [     0.000],    20.086
 0.626,     0.584,    [     0.000],    20.086
 0.626,     0.580,    [     0.000],    20.086
 0.635,     0.600,    [     0.000],    20.086
 0.657,     0.616,    [     0.000],    20.086
 0.656,     0.616,    [     0.000],    20.086
 0.667,     0.629,    [     0.000],    20.086
 0.687,     0.669,    [     0.000],    20.086
 0.699,     0.657,    [     0.000],    20.086

signal (15): Terminated
in expression starting at /home/junteng/Projects/gnn-residual-correlation/run.jl:5
getindex_I_sorted_linear at /buildworker/worker/package_linux64/build/usr/share/julia/stdlib/v1.0/SparseArrays/src/sparsematrix.jl:2130
getindex_I_sorted at /buildworker/worker/package_linux64/build/usr/share/julia/stdlib/v1.0/SparseArrays/src/sparsematrix.jl:2048
getindex_general at /buildworker/worker/package_linux64/build/usr/share/julia/stdlib/v1.0/SparseArrays/src/sparsematrix.jl:2293
getindex at /buildworker/worker/package_linux64/build/usr/share/julia/stdlib/v1.0/SparseArrays/src/sparsematrix.jl:2318
quadform_partials at /home/junteng/Projects/gnn-residual-correlation/utils.jl:236
iterate at ./generator.jl:47 [inlined]
_collect at ./array.jl:632
map at ./array.jl:561 [inlined]
#_forward#79 at /home/junteng/Projects/gnn-residual-correlation/utils.jl:237
jl_invoke at /buildworker/worker/package_linux64/build/src/gf.c:2296
#_forward at ./none:0
jl_apply_generic at /buildworker/worker/package_linux64/build/src/gf.c:2162
jl_apply at /buildworker/worker/package_linux64/build/src/julia.h:1537 [inlined]
jl_f__apply at /buildworker/worker/package_linux64/build/src/builtins.c:556
#track#1 at /home/junteng/.julia/packages/Tracker/cpxco/src/Tracker.jl:52
jl_invoke at /buildworker/worker/package_linux64/build/src/gf.c:2296
#track at ./none:0 [inlined]
#quadformSC#78 at /home/junteng/Projects/gnn-residual-correlation/utils.jl:210 [inlined]
#quadformSC at ./none:0
jl_apply_generic at /buildworker/worker/package_linux64/build/src/gf.c:2162
getΩ at /home/junteng/Projects/gnn-residual-correlation/run_dataset.jl:84
unknown function (ip: 0x7f098065622b)
jl_apply_generic at /buildworker/worker/package_linux64/build/src/gf.c:2162
#loss#105 at /home/junteng/Projects/gnn-residual-correlation/run_dataset.jl:90
unknown function (ip: 0x7f0980645f9a)
jl_invoke at /buildworker/worker/package_linux64/build/src/gf.c:2296
loss at /home/junteng/Projects/gnn-residual-correlation/run_dataset.jl:89 [inlined]
#86 at /home/junteng/Projects/gnn-residual-correlation/utils.jl:382 [inlined]
gradient_ at /home/junteng/.julia/packages/Tracker/cpxco/src/back.jl:97
#gradient#24 at /home/junteng/.julia/packages/Tracker/cpxco/src/back.jl:164 [inlined]
gradient at /home/junteng/.julia/packages/Tracker/cpxco/src/back.jl:164 [inlined]
#train!#85 at /home/junteng/Projects/gnn-residual-correlation/utils.jl:382
unknown function (ip: 0x7f09806420a1)
jl_apply_generic at /buildworker/worker/package_linux64/build/src/gf.c:2162
#train! at ./none:0
unknown function (ip: 0x7f09806418b4)
jl_apply_generic at /buildworker/worker/package_linux64/build/src/gf.c:2162
run_once at /home/junteng/Projects/gnn-residual-correlation/run_dataset.jl:106
run_dataset at /home/junteng/Projects/gnn-residual-correlation/run_dataset.jl:167
unknown function (ip: 0x7f09805e73f8)
jl_fptr_trampoline at /buildworker/worker/package_linux64/build/src/gf.c:1809
jl_apply_generic at /buildworker/worker/package_linux64/build/src/gf.c:2162
do_call at /buildworker/worker/package_linux64/build/src/interpreter.c:324
eval_value at /buildworker/worker/package_linux64/build/src/interpreter.c:430
eval_stmt_value at /buildworker/worker/package_linux64/build/src/interpreter.c:363 [inlined]
eval_body at /buildworker/worker/package_linux64/build/src/interpreter.c:682
jl_interpret_toplevel_thunk_callback at /buildworker/worker/package_linux64/build/src/interpreter.c:806
unknown function (ip: 0xfffffffffffffffe)
unknown function (ip: 0x7f096af7414f)
unknown function (ip: 0x1)
jl_interpret_toplevel_thunk at /buildworker/worker/package_linux64/build/src/interpreter.c:815
jl_toplevel_eval_flex at /buildworker/worker/package_linux64/build/src/toplevel.c:805
jl_parse_eval_all at /buildworker/worker/package_linux64/build/src/ast.c:838
jl_load at /buildworker/worker/package_linux64/build/src/toplevel.c:839
include at ./boot.jl:317 [inlined]
include_relative at ./loading.jl:1044
include at ./sysimg.jl:29
jl_apply_generic at /buildworker/worker/package_linux64/build/src/gf.c:2162
exec_options at ./client.jl:266
_start at ./client.jl:425
jl_apply_generic at /buildworker/worker/package_linux64/build/src/gf.c:2162
unknown function (ip: 0x401b08)
unknown function (ip: 0x401533)
__libc_start_main at /build/glibc-OTsEL5/glibc-2.27/csu/../csu/libc-start.c:310
unknown function (ip: 0x4015d4)
unknown function (ip: 0xffffffffffffffff)
Allocations: 1956929219 (Pool: 1941517477; Big: 15411742); GC: 10875
