

seed_val:    1
(T=1.0) Metropolis ended with magnetization 0.026938775510204082 after 1000000 iterations
 0.683,     0.714,    [     0.775],     1.625
 0.718,     0.714,    [     0.825],     1.561
 0.720,     0.718,    [     0.851],     1.578
 0.728,     0.718,    [     0.868],     1.601
 0.731,     0.718,    [     0.879],     1.635
 0.733,     0.718,    [     0.888],     1.657
 0.735,     0.718,    [     0.895],     1.676
 0.733,     0.718,    [     0.900],     1.692
 0.733,     0.710,    [     0.904],     1.707
 0.733,     0.718,    [     0.907],     1.714
 0.731,     0.710,    [     0.910],     1.721
 0.727,     0.714,    [     0.912],     1.730
 0.732,     0.722,    [     0.913],     1.735
 0.731,     0.710,    [     0.914],     1.745
 0.729,     0.710,    [     0.915],     1.750

 pctg,    rr,    α,    β
 0.600,     0.735,    [     0.915],     1.750
(T=1.0) Metropolis ended with magnetization 0.026938775510204082 after 1000000 iterations

 pctg_inductive,    rr,    α,    β
 0.000,     0.620,    [     0.915],     1.750
 0.050,     0.650,    [     0.915],     1.750
 0.100,     0.661,    [     0.915],     1.750
 0.150,     0.700,    [     0.915],     1.750
 0.200,     0.708,    [     0.915],     1.750
 0.250,     0.724,    [     0.915],     1.750
 0.300,     0.712,    [     0.915],     1.750
 0.350,     0.747,    [     0.915],     1.750
 0.400,     0.729,    [     0.915],     1.750
 0.450,     0.758,    [     0.915],     1.750
 0.500,     0.784,    [     0.915],     1.750
 0.550,     0.748,    [     0.915],     1.750
 0.600,     0.771,    [     0.915],     1.750


seed_val:    2
(T=1.0) Metropolis ended with magnetization 0.2163265306122449 after 1000000 iterations
 0.695,     0.784,    [     0.712],     1.641
 0.709,     0.784,    [     0.774],     1.487
 0.701,     0.788,    [     0.803],     1.474
 0.701,     0.788,    [     0.822],     1.490
 0.699,     0.784,    [     0.835],     1.508
 0.701,     0.784,    [     0.844],     1.522
 0.699,     0.780,    [     0.851],     1.538
 0.701,     0.784,    [     0.856],     1.547
 0.699,     0.780,    [     0.859],     1.558
 0.703,     0.784,    [     0.862],     1.565
 0.698,     0.784,    [     0.863],     1.569
 0.706,     0.784,    [     0.864],     1.575
 0.706,     0.784,    [     0.864],     1.581
 0.703,     0.784,    [     0.865],     1.578
 0.703,     0.780,    [     0.864],     1.583

 pctg,    rr,    α,    β
 0.600,     0.755,    [     0.864],     1.583
(T=1.0) Metropolis ended with magnetization 0.2163265306122449 after 1000000 iterations

 pctg_inductive,    rr,    α,    β
 0.000,     0.642,    [     0.864],     1.583
 0.050,     0.655,    [     0.864],     1.583
 0.100,     0.713,    [     0.864],     1.583
 0.150,     0.715,    [     0.864],     1.583
 0.200,     0.711,    [     0.864],     1.583
 0.250,     0.732,    [     0.864],     1.583
 0.300,     0.725,    [     0.864],     1.583
 0.350,     0.735,    [     0.864],     1.583
 0.400,     0.755,    [     0.864],     1.583
 0.450,     0.740,    [     0.864],     1.583
 0.500,     0.755,    [     0.864],     1.583
 0.550,     0.759,    [     0.864],     1.583
 0.600,     0.735,    [     0.864],     1.583


seed_val:    3
(T=1.0) Metropolis ended with magnetization 0.1346938775510204 after 1000000 iterations
 0.705,     0.755,    [     0.730],     1.641
 0.706,     0.759,    [     0.788],     1.522
 0.706,     0.763,    [     0.814],     1.527
 0.712,     0.763,    [     0.831],     1.548
 0.712,     0.763,    [     0.843],     1.568
 0.714,     0.763,    [     0.851],     1.580
 0.714,     0.755,    [     0.857],     1.598
 0.713,     0.759,    [     0.862],     1.608
 0.716,     0.759,    [     0.865],     1.618
 0.716,     0.767,    [     0.867],     1.629
 0.721,     0.771,    [     0.869],     1.632
 0.721,     0.763,    [     0.869],     1.643
 0.720,     0.780,    [     0.870],     1.645
 0.721,     0.763,    [     0.870],     1.652
 0.718,     0.771,    [     0.870],     1.657

 pctg,    rr,    α,    β
 0.600,     0.759,    [     0.870],     1.657
(T=1.0) Metropolis ended with magnetization 0.1346938775510204 after 1000000 iterations

 pctg_inductive,    rr,    α,    β
 0.000,     0.689,    [     0.870],     1.657
 0.050,     0.715,    [     0.870],     1.657
 0.100,     0.709,    [     0.870],     1.657
 0.150,     0.683,    [     0.870],     1.657
 0.200,     0.721,    [     0.870],     1.657
 0.250,     0.721,    [     0.870],     1.657
 0.300,     0.714,    [     0.870],     1.657
 0.350,     0.706,    [     0.870],     1.657
 0.400,     0.743,    [     0.870],     1.657
 0.450,     0.721,    [     0.870],     1.657
 0.500,     0.752,    [     0.870],     1.657
 0.550,     0.777,    [     0.870],     1.657
 0.600,     0.749,    [     0.870],     1.657


seed_val:    4
(T=1.0) Metropolis ended with magnetization 0.025306122448979593 after 1000000 iterations
 0.737,     0.808,    [     0.754],     1.819
 0.744,     0.800,    [     0.811],     1.678
 0.744,     0.800,    [     0.838],     1.684
 0.747,     0.804,    [     0.854],     1.708
 0.747,     0.804,    [     0.865],     1.732
 0.747,     0.804,    [     0.873],     1.757
 0.746,     0.800,    [     0.878],     1.770
 0.748,     0.800,    [     0.883],     1.785
 0.751,     0.808,    [     0.887],     1.800
 0.748,     0.800,    [     0.890],     1.808
 0.747,     0.800,    [     0.892],     1.816
 0.754,     0.804,    [     0.893],     1.827
 0.750,     0.804,    [     0.894],     1.835
 0.752,     0.804,    [     0.895],     1.838
 0.752,     0.804,    [     0.895],     1.842

 pctg,    rr,    α,    β
 0.600,     0.735,    [     0.895],     1.842
(T=1.0) Metropolis ended with magnetization 0.025306122448979593 after 1000000 iterations

 pctg_inductive,    rr,    α,    β
 0.000,     0.696,    [     0.895],     1.842
 0.050,     0.692,    [     0.895],     1.842
 0.100,     0.721,    [     0.895],     1.842
 0.150,     0.724,    [     0.895],     1.842
 0.200,     0.697,    [     0.895],     1.842
 0.250,     0.759,    [     0.895],     1.842
 0.300,     0.758,    [     0.895],     1.842
 0.350,     0.746,    [     0.895],     1.842
 0.400,     0.750,    [     0.895],     1.842
 0.450,     0.762,    [     0.895],     1.842
 0.500,     0.768,    [     0.895],     1.842
 0.550,     0.777,    [     0.895],     1.842
 0.600,     0.745,    [     0.895],     1.842


seed_val:    5
(T=1.0) Metropolis ended with magnetization 0.07755102040816327 after 1000000 iterations
 0.754,     0.739,    [     0.792],     1.778
 0.743,     0.743,    [     0.846],     1.715
 0.746,     0.747,    [     0.868],     1.757
 0.746,     0.751,    [     0.881],     1.803
 0.741,     0.751,    [     0.889],     1.840
 0.744,     0.751,    [     0.895],     1.869
 0.739,     0.755,    [     0.899],     1.880
 0.741,     0.759,    [     0.903],     1.900
 0.739,     0.755,    [     0.906],     1.911
 0.740,     0.755,    [     0.908],     1.914
 0.741,     0.755,    [     0.910],     1.922
 0.741,     0.755,    [     0.912],     1.926
 0.739,     0.755,    [     0.913],     1.933
 0.746,     0.755,    [     0.914],     1.936
 0.740,     0.755,    [     0.914],     1.940

 pctg,    rr,    α,    β
 0.600,     0.771,    [     0.914],     1.940
(T=1.0) Metropolis ended with magnetization 0.07755102040816327 after 1000000 iterations

 pctg_inductive,    rr,    α,    β
 0.000,     0.699,    [     0.914],     1.940
 0.050,     0.720,    [     0.914],     1.940
 0.100,     0.748,    [     0.914],     1.940
 0.150,     0.757,    [     0.914],     1.940
 0.200,     0.749,    [     0.914],     1.940
 0.250,     0.772,    [     0.914],     1.940
 0.300,     0.762,    [     0.914],     1.940
 0.350,     0.756,    [     0.914],     1.940
 0.400,     0.777,    [     0.914],     1.940
 0.450,     0.779,    [     0.914],     1.940
 0.500,     0.763,    [     0.914],     1.940
 0.550,     0.789,    [     0.914],     1.940
 0.600,     0.786,    [     0.914],     1.940


seed_val:    6
(T=1.0) Metropolis ended with magnetization 0.005714285714285714 after 1000000 iterations
 0.668,     0.739,    [     0.650],     1.598
 0.678,     0.739,    [     0.725],     1.418
 0.687,     0.739,    [     0.762],     1.396
 0.687,     0.735,    [     0.788],     1.408
 0.680,     0.739,    [     0.805],     1.427
 0.683,     0.731,    [     0.819],     1.444
 0.683,     0.735,    [     0.829],     1.461
 0.682,     0.743,    [     0.838],     1.471
 0.684,     0.735,    [     0.844],     1.482
 0.683,     0.735,    [     0.849],     1.492
 0.679,     0.731,    [     0.853],     1.501
 0.686,     0.735,    [     0.856],     1.506
 0.680,     0.735,    [     0.858],     1.512
 0.678,     0.735,    [     0.860],     1.516
 0.680,     0.739,    [     0.861],     1.521

 pctg,    rr,    α,    β
 0.600,     0.763,    [     0.861],     1.521
(T=1.0) Metropolis ended with magnetization 0.005714285714285714 after 1000000 iterations

 pctg_inductive,    rr,    α,    β
 0.000,     0.626,    [     0.861],     1.521
 0.050,     0.639,    [     0.861],     1.521
 0.100,     0.646,    [     0.861],     1.521
 0.150,     0.711,    [     0.861],     1.521
 0.200,     0.695,    [     0.861],     1.521
 0.250,     0.683,    [     0.861],     1.521
 0.300,     0.705,    [     0.861],     1.521
 0.350,     0.716,    [     0.861],     1.521
 0.400,     0.737,    [     0.861],     1.521
 0.450,     0.749,    [     0.861],     1.521
 0.500,     0.734,    [     0.861],     1.521
 0.550,     0.751,    [     0.861],     1.521
 0.600,     0.763,    [     0.861],     1.521


seed_val:    7
(T=1.0) Metropolis ended with magnetization 0.017142857142857144 after 1000000 iterations
 0.701,     0.759,    [     0.714],     1.682
 0.709,     0.776,    [     0.779],     1.527
 0.706,     0.771,    [     0.809],     1.516
 0.710,     0.771,    [     0.827],     1.537
 0.712,     0.776,    [     0.839],     1.560
 0.714,     0.776,    [     0.848],     1.581
 0.710,     0.780,    [     0.853],     1.595
 0.709,     0.780,    [     0.858],     1.610
 0.710,     0.771,    [     0.861],     1.616
 0.713,     0.771,    [     0.863],     1.625
 0.717,     0.771,    [     0.864],     1.635
 0.720,     0.771,    [     0.865],     1.641
 0.720,     0.771,    [     0.865],     1.642
 0.721,     0.771,    [     0.865],     1.646
 0.724,     0.771,    [     0.863],     1.647

 pctg,    rr,    α,    β
 0.600,     0.763,    [     0.863],     1.647
(T=1.0) Metropolis ended with magnetization 0.017142857142857144 after 1000000 iterations

 pctg_inductive,    rr,    α,    β
 0.000,     0.662,    [     0.863],     1.647
 0.050,     0.690,    [     0.863],     1.647
 0.100,     0.672,    [     0.863],     1.647
 0.150,     0.712,    [     0.863],     1.647
 0.200,     0.750,    [     0.863],     1.647
 0.250,     0.752,    [     0.863],     1.647
 0.300,     0.763,    [     0.863],     1.647
 0.350,     0.746,    [     0.863],     1.647
 0.400,     0.761,    [     0.863],     1.647
 0.450,     0.750,    [     0.863],     1.647
 0.500,     0.740,    [     0.863],     1.647
 0.550,     0.784,    [     0.863],     1.647
 0.600,     0.776,    [     0.863],     1.647


seed_val:    8
(T=1.0) Metropolis ended with magnetization 0.03183673469387755 after 1000000 iterations
 0.722,     0.751,    [     0.760],     1.681
 0.733,     0.755,    [     0.817],     1.567
 0.737,     0.751,    [     0.846],     1.577
 0.737,     0.751,    [     0.864],     1.600
 0.741,     0.751,    [     0.877],     1.624
 0.746,     0.751,    [     0.887],     1.649
 0.737,     0.747,    [     0.894],     1.668
 0.741,     0.747,    [     0.900],     1.682
 0.743,     0.747,    [     0.905],     1.688
 0.743,     0.747,    [     0.909],     1.699
 0.741,     0.747,    [     0.912],     1.715
 0.741,     0.743,    [     0.915],     1.719
 0.741,     0.747,    [     0.917],     1.722
 0.744,     0.743,    [     0.919],     1.730
 0.739,     0.747,    [     0.920],     1.739

 pctg,    rr,    α,    β
 0.600,     0.763,    [     0.920],     1.739
(T=1.0) Metropolis ended with magnetization 0.03183673469387755 after 1000000 iterations

 pctg_inductive,    rr,    α,    β
 0.000,     0.607,    [     0.920],     1.739
 0.050,     0.637,    [     0.920],     1.739
 0.100,     0.656,    [     0.920],     1.739
 0.150,     0.709,    [     0.920],     1.739
 0.200,     0.730,    [     0.920],     1.739
 0.250,     0.737,    [     0.920],     1.739
 0.300,     0.713,    [     0.920],     1.739
 0.350,     0.736,    [     0.920],     1.739
 0.400,     0.750,    [     0.920],     1.739
 0.450,     0.767,    [     0.920],     1.739
 0.500,     0.750,    [     0.920],     1.739
 0.550,     0.746,    [     0.920],     1.739
 0.600,     0.757,    [     0.920],     1.739


seed_val:    9
(T=1.0) Metropolis ended with magnetization 0.09224489795918367 after 1000000 iterations
 0.710,     0.796,    [     0.796],     1.550
 0.735,     0.800,    [     0.829],     1.534
 0.746,     0.808,    [     0.844],     1.563
 0.748,     0.812,    [     0.851],     1.596
 0.754,     0.812,    [     0.856],     1.620
 0.755,     0.804,    [     0.858],     1.631
 0.752,     0.796,    [     0.860],     1.642
 0.755,     0.796,    [     0.861],     1.646
 0.756,     0.796,    [     0.862],     1.656
 0.756,     0.796,    [     0.862],     1.653
 0.762,     0.796,    [     0.862],     1.654
 0.761,     0.796,    [     0.862],     1.652
 0.758,     0.796,    [     0.861],     1.652
 0.756,     0.796,    [     0.861],     1.654
 0.761,     0.800,    [     0.860],     1.660

 pctg,    rr,    α,    β
 0.600,     0.759,    [     0.860],     1.660
(T=1.0) Metropolis ended with magnetization 0.09224489795918367 after 1000000 iterations

 pctg_inductive,    rr,    α,    β
 0.000,     0.690,    [     0.860],     1.660
 0.050,     0.694,    [     0.860],     1.660
 0.100,     0.704,    [     0.860],     1.660
 0.150,     0.716,    [     0.860],     1.660
 0.200,     0.761,    [     0.860],     1.660
 0.250,     0.731,    [     0.860],     1.660
 0.300,     0.740,    [     0.860],     1.660
 0.350,     0.755,    [     0.860],     1.660
 0.400,     0.731,    [     0.860],     1.660
 0.450,     0.776,    [     0.860],     1.660
 0.500,     0.781,    [     0.860],     1.660
 0.550,     0.789,    [     0.860],     1.660
 0.600,     0.802,    [     0.860],     1.660


seed_val:    10
(T=1.0) Metropolis ended with magnetization 0.05795918367346939 after 1000000 iterations
 0.690,     0.767,    [     0.768],     1.704
 0.698,     0.763,    [     0.826],     1.608
 0.701,     0.763,    [     0.854],     1.621
 0.701,     0.763,    [     0.872],     1.648
 0.705,     0.771,    [     0.885],     1.685
 0.701,     0.771,    [     0.894],     1.710
 0.703,     0.771,    [     0.901],     1.731
 0.710,     0.771,    [     0.906],     1.744
 0.714,     0.771,    [     0.910],     1.755
 0.716,     0.771,    [     0.913],     1.765
 0.718,     0.771,    [     0.916],     1.773
 0.718,     0.771,    [     0.918],     1.780
 0.724,     0.771,    [     0.920],     1.784
 0.729,     0.767,    [     0.921],     1.793
 0.733,     0.776,    [     0.922],     1.800

 pctg,    rr,    α,    β
 0.600,     0.804,    [     0.922],     1.800
(T=1.0) Metropolis ended with magnetization 0.05795918367346939 after 1000000 iterations

 pctg_inductive,    rr,    α,    β
 0.000,     0.638,    [     0.922],     1.800
 0.050,     0.666,    [     0.922],     1.800
 0.100,     0.686,    [     0.922],     1.800
 0.150,     0.732,    [     0.922],     1.800
 0.200,     0.743,    [     0.922],     1.800
 0.250,     0.753,    [     0.922],     1.800
 0.300,     0.764,    [     0.922],     1.800
 0.350,     0.784,    [     0.922],     1.800
 0.400,     0.735,    [     0.922],     1.800
 0.450,     0.773,    [     0.922],     1.800
 0.500,     0.810,    [     0.922],     1.800
 0.550,     0.760,    [     0.922],     1.800
 0.600,     0.814,    [     0.922],     1.800

 trans: ising_35_0.10_0.35,     0.761 ±  0.019
 α, β: [     0.888] ± [     0.027],  1.714 ±  0.126
 ind: ising_35_0.10_0.35,    [     0.657,      0.676,      0.692,      0.716,      0.727,      0.736,      0.736,      0.743,      0.747,      0.757,      0.764,      0.768,      0.770] ± [     0.035,      0.030,      0.033,      0.020,      0.024,      0.025,      0.025,      0.022,      0.015,      0.018,      0.023,      0.017,      0.025]


seed_val:    1
(T=1.0) Metropolis ended with magnetization 0.007346938775510204 after 1000000 iterations
 0.693,     0.759,    [    -0.716],     1.614
 0.699,     0.784,    [    -0.797],     1.505
 0.710,     0.792,    [    -0.839],     1.523
 0.703,     0.808,    [    -0.865],     1.560
 0.707,     0.808,    [    -0.884],     1.604
 0.706,     0.804,    [    -0.898],     1.639
 0.710,     0.796,    [    -0.908],     1.667
 0.713,     0.792,    [    -0.916],     1.689
 0.717,     0.796,    [    -0.923],     1.712
 0.716,     0.800,    [    -0.928],     1.725
 0.718,     0.804,    [    -0.933],     1.739
 0.714,     0.796,    [    -0.936],     1.752
 0.701,     0.784,    [    -0.939],     1.759
 0.707,     0.800,    [    -0.942],     1.772
 0.714,     0.792,    [    -0.944],     1.780

 pctg,    rr,    α,    β
 0.600,     0.780,    [    -0.944],     1.780
(T=1.0) Metropolis ended with magnetization 0.007346938775510204 after 1000000 iterations

 pctg_inductive,    rr,    α,    β
 0.000,     0.513,    [    -0.944],     1.780
 0.050,     0.613,    [    -0.944],     1.780
 0.100,     0.692,    [    -0.944],     1.780
 0.150,     0.691,    [    -0.944],     1.780
 0.200,     0.709,    [    -0.944],     1.780
 0.250,     0.732,    [    -0.944],     1.780
 0.300,     0.728,    [    -0.944],     1.780
 0.350,     0.780,    [    -0.944],     1.780
 0.400,     0.755,    [    -0.944],     1.780
 0.450,     0.786,    [    -0.944],     1.780
 0.500,     0.779,    [    -0.944],     1.780
 0.550,     0.808,    [    -0.944],     1.780
 0.600,     0.792,    [    -0.944],     1.780


seed_val:    2
(T=1.0) Metropolis ended with magnetization 0.0236734693877551 after 1000000 iterations
 0.659,     0.759,    [    -0.703],     1.585
 0.669,     0.776,    [    -0.781],     1.466
 0.705,     0.780,    [    -0.821],     1.484
 0.702,     0.771,    [    -0.848],     1.527
 0.703,     0.780,    [    -0.868],     1.567
 0.713,     0.776,    [    -0.882],     1.600
 0.703,     0.780,    [    -0.893],     1.628
 0.716,     0.767,    [    -0.902],     1.651
 0.709,     0.763,    [    -0.909],     1.668
 0.713,     0.771,    [    -0.915],     1.684
 0.713,     0.780,    [    -0.919],     1.693
 0.714,     0.776,    [    -0.923],     1.704
 0.716,     0.780,    [    -0.927],     1.714
 0.720,     0.771,    [    -0.930],     1.717
 0.716,     0.755,    [    -0.932],     1.725

 pctg,    rr,    α,    β
 0.600,     0.784,    [    -0.932],     1.725
(T=1.0) Metropolis ended with magnetization 0.0236734693877551 after 1000000 iterations

 pctg_inductive,    rr,    α,    β
 0.000,     0.514,    [    -0.932],     1.725
 0.050,     0.589,    [    -0.932],     1.725
 0.100,     0.689,    [    -0.932],     1.725
 0.150,     0.684,    [    -0.932],     1.725
 0.200,     0.704,    [    -0.932],     1.725
 0.250,     0.727,    [    -0.932],     1.725
 0.300,     0.711,    [    -0.932],     1.725
 0.350,     0.732,    [    -0.932],     1.725
 0.400,     0.737,    [    -0.932],     1.725
 0.450,     0.776,    [    -0.932],     1.725
 0.500,     0.750,    [    -0.932],     1.725
 0.550,     0.764,    [    -0.932],     1.725
 0.600,     0.780,    [    -0.932],     1.725


seed_val:    3
(T=1.0) Metropolis ended with magnetization 0.015510204081632653 after 1000000 iterations
 0.667,     0.759,    [    -0.686],     1.562
 0.693,     0.767,    [    -0.768],     1.444
 0.691,     0.771,    [    -0.811],     1.457
 0.691,     0.776,    [    -0.840],     1.497
 0.693,     0.780,    [    -0.861],     1.529
 0.695,     0.784,    [    -0.876],     1.557
 0.705,     0.771,    [    -0.888],     1.585
 0.698,     0.771,    [    -0.897],     1.602
 0.705,     0.771,    [    -0.904],     1.623
 0.695,     0.763,    [    -0.910],     1.639
 0.701,     0.771,    [    -0.915],     1.646
 0.693,     0.763,    [    -0.919],     1.660
 0.699,     0.767,    [    -0.923],     1.671
 0.703,     0.767,    [    -0.926],     1.679
 0.698,     0.755,    [    -0.928],     1.685

 pctg,    rr,    α,    β
 0.600,     0.727,    [    -0.928],     1.685
(T=1.0) Metropolis ended with magnetization 0.015510204081632653 after 1000000 iterations

 pctg_inductive,    rr,    α,    β
 0.000,     0.526,    [    -0.928],     1.685
 0.050,     0.614,    [    -0.928],     1.685
 0.100,     0.633,    [    -0.928],     1.685
 0.150,     0.681,    [    -0.928],     1.685
 0.200,     0.682,    [    -0.928],     1.685
 0.250,     0.676,    [    -0.928],     1.685
 0.300,     0.725,    [    -0.928],     1.685
 0.350,     0.754,    [    -0.928],     1.685
 0.400,     0.720,    [    -0.928],     1.685
 0.450,     0.750,    [    -0.928],     1.685
 0.500,     0.742,    [    -0.928],     1.685
 0.550,     0.751,    [    -0.928],     1.685
 0.600,     0.786,    [    -0.928],     1.685


seed_val:    4
(T=1.0) Metropolis ended with magnetization 0.015510204081632653 after 1000000 iterations
 0.665,     0.759,    [    -0.673],     1.502
 0.706,     0.767,    [    -0.769],     1.428
 0.725,     0.767,    [    -0.822],     1.473
 0.717,     0.788,    [    -0.855],     1.537
 0.727,     0.792,    [    -0.878],     1.593
 0.731,     0.780,    [    -0.895],     1.641
 0.728,     0.780,    [    -0.907],     1.676
 0.729,     0.792,    [    -0.917],     1.707
 0.732,     0.776,    [    -0.924],     1.734
 0.733,     0.792,    [    -0.930],     1.748
 0.733,     0.784,    [    -0.935],     1.762
 0.732,     0.784,    [    -0.939],     1.779
 0.732,     0.796,    [    -0.942],     1.789
 0.736,     0.792,    [    -0.945],     1.798
 0.729,     0.792,    [    -0.948],     1.804

 pctg,    rr,    α,    β
 0.600,     0.784,    [    -0.948],     1.804
(T=1.0) Metropolis ended with magnetization 0.015510204081632653 after 1000000 iterations

 pctg_inductive,    rr,    α,    β
 0.000,     0.509,    [    -0.948],     1.804
 0.050,     0.662,    [    -0.948],     1.804
 0.100,     0.684,    [    -0.948],     1.804
 0.150,     0.702,    [    -0.948],     1.804
 0.200,     0.736,    [    -0.948],     1.804
 0.250,     0.734,    [    -0.948],     1.804
 0.300,     0.729,    [    -0.948],     1.804
 0.350,     0.746,    [    -0.948],     1.804
 0.400,     0.778,    [    -0.948],     1.804
 0.450,     0.790,    [    -0.948],     1.804
 0.500,     0.768,    [    -0.948],     1.804
 0.550,     0.784,    [    -0.948],     1.804
 0.600,     0.778,    [    -0.948],     1.804


seed_val:    5
(T=1.0) Metropolis ended with magnetization 0.005714285714285714 after 1000000 iterations
 0.718,     0.755,    [    -0.737],     1.668
 0.722,     0.767,    [    -0.812],     1.554
 0.720,     0.763,    [    -0.851],     1.572
 0.728,     0.784,    [    -0.876],     1.611
 0.725,     0.784,    [    -0.893],     1.651
 0.725,     0.780,    [    -0.906],     1.687
 0.721,     0.776,    [    -0.915],     1.710
 0.735,     0.771,    [    -0.923],     1.740
 0.736,     0.771,    [    -0.929],     1.756
 0.737,     0.771,    [    -0.934],     1.767
 0.735,     0.776,    [    -0.938],     1.780
 0.735,     0.767,    [    -0.941],     1.795
 0.733,     0.771,    [    -0.944],     1.800
 0.736,     0.776,    [    -0.947],     1.811
 0.740,     0.780,    [    -0.949],     1.817

 pctg,    rr,    α,    β
 0.600,     0.804,    [    -0.949],     1.817
(T=1.0) Metropolis ended with magnetization 0.005714285714285714 after 1000000 iterations

 pctg_inductive,    rr,    α,    β
 0.000,     0.508,    [    -0.949],     1.817
 0.050,     0.624,    [    -0.949],     1.817
 0.100,     0.680,    [    -0.949],     1.817
 0.150,     0.734,    [    -0.949],     1.817
 0.200,     0.729,    [    -0.949],     1.817
 0.250,     0.735,    [    -0.949],     1.817
 0.300,     0.754,    [    -0.949],     1.817
 0.350,     0.759,    [    -0.949],     1.817
 0.400,     0.756,    [    -0.949],     1.817
 0.450,     0.764,    [    -0.949],     1.817
 0.500,     0.781,    [    -0.949],     1.817
 0.550,     0.773,    [    -0.949],     1.817
 0.600,     0.784,    [    -0.949],     1.817


seed_val:    6
(T=1.0) Metropolis ended with magnetization 0.015510204081632653 after 1000000 iterations
 0.652,     0.731,    [    -0.705],     1.595
 0.682,     0.751,    [    -0.784],     1.469
 0.686,     0.739,    [    -0.825],     1.482
 0.701,     0.739,    [    -0.852],     1.518
 0.697,     0.739,    [    -0.871],     1.556
 0.691,     0.731,    [    -0.885],     1.591
 0.691,     0.743,    [    -0.896],     1.622
 0.687,     0.751,    [    -0.905],     1.644
 0.693,     0.743,    [    -0.912],     1.660
 0.684,     0.747,    [    -0.918],     1.675
 0.690,     0.747,    [    -0.923],     1.688
 0.686,     0.739,    [    -0.927],     1.698
 0.688,     0.735,    [    -0.930],     1.707
 0.682,     0.747,    [    -0.933],     1.716
 0.687,     0.739,    [    -0.935],     1.721

 pctg,    rr,    α,    β
 0.600,     0.743,    [    -0.935],     1.721
(T=1.0) Metropolis ended with magnetization 0.015510204081632653 after 1000000 iterations

 pctg_inductive,    rr,    α,    β
 0.000,     0.522,    [    -0.935],     1.721
 0.050,     0.619,    [    -0.935],     1.721
 0.100,     0.658,    [    -0.935],     1.721
 0.150,     0.689,    [    -0.935],     1.721
 0.200,     0.682,    [    -0.935],     1.721
 0.250,     0.718,    [    -0.935],     1.721
 0.300,     0.719,    [    -0.935],     1.721
 0.350,     0.690,    [    -0.935],     1.721
 0.400,     0.712,    [    -0.935],     1.721
 0.450,     0.767,    [    -0.935],     1.721
 0.500,     0.732,    [    -0.935],     1.721
 0.550,     0.768,    [    -0.935],     1.721
 0.600,     0.780,    [    -0.935],     1.721


seed_val:    7
(T=1.0) Metropolis ended with magnetization 0.0008163265306122449 after 1000000 iterations
 0.682,     0.763,    [    -0.748],     1.702
 0.680,     0.763,    [    -0.820],     1.582
 0.682,     0.767,    [    -0.856],     1.584
 0.676,     0.767,    [    -0.878],     1.619
 0.683,     0.763,    [    -0.895],     1.652
 0.684,     0.759,    [    -0.907],     1.681
 0.684,     0.763,    [    -0.916],     1.706
 0.686,     0.763,    [    -0.923],     1.735
 0.683,     0.759,    [    -0.929],     1.748
 0.687,     0.767,    [    -0.933],     1.761
 0.683,     0.767,    [    -0.937],     1.772
 0.684,     0.751,    [    -0.940],     1.777
 0.686,     0.763,    [    -0.943],     1.785
 0.686,     0.767,    [    -0.945],     1.795
 0.680,     0.759,    [    -0.947],     1.801

 pctg,    rr,    α,    β
 0.600,     0.800,    [    -0.947],     1.801
(T=1.0) Metropolis ended with magnetization 0.0008163265306122449 after 1000000 iterations

 pctg_inductive,    rr,    α,    β
 0.000,     0.505,    [    -0.947],     1.801
 0.050,     0.624,    [    -0.947],     1.801
 0.100,     0.694,    [    -0.947],     1.801
 0.150,     0.685,    [    -0.947],     1.801
 0.200,     0.716,    [    -0.947],     1.801
 0.250,     0.739,    [    -0.947],     1.801
 0.300,     0.754,    [    -0.947],     1.801
 0.350,     0.734,    [    -0.947],     1.801
 0.400,     0.762,    [    -0.947],     1.801
 0.450,     0.770,    [    -0.947],     1.801
 0.500,     0.802,    [    -0.947],     1.801
 0.550,     0.786,    [    -0.947],     1.801
 0.600,     0.792,    [    -0.947],     1.801


seed_val:    8
(T=1.0) Metropolis ended with magnetization 0.010612244897959184 after 1000000 iterations
 0.637,     0.751,    [    -0.627],     1.478
 0.684,     0.767,    [    -0.716],     1.352
 0.688,     0.767,    [    -0.764],     1.362
 0.694,     0.776,    [    -0.796],     1.392
 0.701,     0.776,    [    -0.820],     1.423
 0.702,     0.780,    [    -0.838],     1.453
 0.698,     0.759,    [    -0.852],     1.476
 0.695,     0.767,    [    -0.862],     1.492
 0.706,     0.784,    [    -0.871],     1.505
 0.706,     0.784,    [    -0.879],     1.519
 0.710,     0.776,    [    -0.885],     1.534
 0.702,     0.771,    [    -0.890],     1.540
 0.707,     0.771,    [    -0.894],     1.547
 0.705,     0.771,    [    -0.898],     1.557
 0.709,     0.767,    [    -0.901],     1.566

 pctg,    rr,    α,    β
 0.600,     0.751,    [    -0.901],     1.566
(T=1.0) Metropolis ended with magnetization 0.010612244897959184 after 1000000 iterations

 pctg_inductive,    rr,    α,    β
 0.000,     0.520,    [    -0.901],     1.566
 0.050,     0.594,    [    -0.901],     1.566
 0.100,     0.683,    [    -0.901],     1.566
 0.150,     0.690,    [    -0.901],     1.566
 0.200,     0.685,    [    -0.901],     1.566
 0.250,     0.703,    [    -0.901],     1.566
 0.300,     0.722,    [    -0.901],     1.566
 0.350,     0.695,    [    -0.901],     1.566
 0.400,     0.714,    [    -0.901],     1.566
 0.450,     0.738,    [    -0.901],     1.566
 0.500,     0.730,    [    -0.901],     1.566
 0.550,     0.759,    [    -0.901],     1.566
 0.600,     0.751,    [    -0.901],     1.566


seed_val:    9
(T=1.0) Metropolis ended with magnetization 0.015510204081632653 after 1000000 iterations
 0.637,     0.739,    [    -0.633],     1.455
 0.680,     0.767,    [    -0.730],     1.378
 0.682,     0.759,    [    -0.783],     1.411
 0.678,     0.747,    [    -0.817],     1.458
 0.680,     0.747,    [    -0.843],     1.501
 0.684,     0.759,    [    -0.861],     1.534
 0.680,     0.755,    [    -0.874],     1.563
 0.680,     0.751,    [    -0.885],     1.581
 0.676,     0.759,    [    -0.893],     1.603
 0.687,     0.763,    [    -0.900],     1.613
 0.675,     0.747,    [    -0.906],     1.622
 0.684,     0.755,    [    -0.911],     1.630
 0.684,     0.747,    [    -0.914],     1.640
 0.682,     0.751,    [    -0.918],     1.652
 0.686,     0.739,    [    -0.921],     1.658

 pctg,    rr,    α,    β
 0.600,     0.763,    [    -0.921],     1.658
(T=1.0) Metropolis ended with magnetization 0.015510204081632653 after 1000000 iterations

 pctg_inductive,    rr,    α,    β
 0.000,     0.501,    [    -0.921],     1.658
 0.050,     0.617,    [    -0.921],     1.658
 0.100,     0.643,    [    -0.921],     1.658
 0.150,     0.642,    [    -0.921],     1.658
 0.200,     0.695,    [    -0.921],     1.658
 0.250,     0.706,    [    -0.921],     1.658
 0.300,     0.716,    [    -0.921],     1.658
 0.350,     0.717,    [    -0.921],     1.658
 0.400,     0.716,    [    -0.921],     1.658
 0.450,     0.750,    [    -0.921],     1.658
 0.500,     0.743,    [    -0.921],     1.658
 0.550,     0.766,    [    -0.921],     1.658
 0.600,     0.749,    [    -0.921],     1.658


seed_val:    10
(T=1.0) Metropolis ended with magnetization 0.0236734693877551 after 1000000 iterations
 0.701,     0.788,    [    -0.702],     1.609
 0.703,     0.792,    [    -0.776],     1.461
 0.713,     0.788,    [    -0.815],     1.457
 0.707,     0.792,    [    -0.841],     1.476
 0.717,     0.800,    [    -0.859],     1.509
 0.724,     0.796,    [    -0.873],     1.537
 0.713,     0.800,    [    -0.884],     1.559
 0.729,     0.808,    [    -0.893],     1.573
 0.722,     0.800,    [    -0.900],     1.589
 0.712,     0.800,    [    -0.906],     1.604
 0.721,     0.804,    [    -0.911],     1.613
 0.721,     0.812,    [    -0.915],     1.618
 0.713,     0.804,    [    -0.918],     1.624
 0.720,     0.804,    [    -0.921],     1.636
 0.727,     0.800,    [    -0.923],     1.647

 pctg,    rr,    α,    β
 0.600,     0.763,    [    -0.923],     1.647
(T=1.0) Metropolis ended with magnetization 0.0236734693877551 after 1000000 iterations

 pctg_inductive,    rr,    α,    β
 0.000,     0.504,    [    -0.923],     1.647
 0.050,     0.580,    [    -0.923],     1.647
 0.100,     0.633,    [    -0.923],     1.647
 0.150,     0.668,    [    -0.923],     1.647
 0.200,     0.701,    [    -0.923],     1.647
 0.250,     0.698,    [    -0.923],     1.647
 0.300,     0.719,    [    -0.923],     1.647
 0.350,     0.746,    [    -0.923],     1.647
 0.400,     0.754,    [    -0.923],     1.647
 0.450,     0.771,    [    -0.923],     1.647
 0.500,     0.758,    [    -0.923],     1.647
 0.550,     0.762,    [    -0.923],     1.647
 0.600,     0.761,    [    -0.923],     1.647

 trans: ising_35_0.10_-0.35,     0.770 ±  0.025
 α, β: [    -0.933] ± [     0.015],  1.720 ±  0.082
 ind: ising_35_0.10_-0.35,    [     0.512,      0.614,      0.669,      0.686,      0.704,      0.717,      0.728,      0.735,      0.740,      0.766,      0.759,      0.772,      0.775] ± [     0.008,      0.023,      0.025,      0.023,      0.019,      0.020,      0.015,      0.028,      0.024,      0.016,      0.024,      0.016,      0.016]


seed_val:    1
 0.562,     0.604,    [     0.791],     3.443
 0.619,     0.650,    [     0.822],     3.651
 0.657,     0.677,    [     0.839],     4.092
 0.688,     0.707,    [     0.853],     4.584
 0.708,     0.724,    [     0.864],     5.043
 0.730,     0.737,    [     0.875],     5.542
 0.752,     0.752,    [     0.884],     6.074
 0.773,     0.764,    [     0.892],     6.665
 0.783,     0.768,    [     0.900],     7.204
 0.794,     0.776,    [     0.906],     7.702
 0.798,     0.775,    [     0.911],     8.154
 0.808,     0.778,    [     0.915],     8.552
 0.815,     0.781,    [     0.918],     8.952
 0.819,     0.784,    [     0.921],     9.283
 0.824,     0.783,    [     0.924],     9.656

 pctg,    rr,    α,    β
 0.600,     0.807,    [     0.924],     9.656

 pctg_inductive,    rr,    α,    β
 0.000,     0.693,    [     0.924],     9.656
 0.050,     0.724,    [     0.924],     9.656
 0.100,     0.717,    [     0.924],     9.656
 0.150,     0.754,    [     0.924],     9.656
 0.200,     0.767,    [     0.924],     9.656
 0.250,     0.768,    [     0.924],     9.656
 0.300,     0.777,    [     0.924],     9.656
 0.350,     0.765,    [     0.924],     9.656
 0.400,     0.765,    [     0.924],     9.656
 0.450,     0.769,    [     0.924],     9.656
 0.500,     0.767,    [     0.924],     9.656
 0.550,     0.788,    [     0.924],     9.656
 0.600,     0.763,    [     0.924],     9.656


seed_val:    2
 0.495,     0.636,    [     0.878],     2.621
 0.627,     0.689,    [     0.891],     3.274
 0.664,     0.704,    [     0.894],     3.961
 0.687,     0.721,    [     0.895],     4.481
 0.704,     0.734,    [     0.896],     4.881
 0.719,     0.746,    [     0.897],     5.201
 0.730,     0.751,    [     0.898],     5.483
 0.741,     0.759,    [     0.899],     5.750
 0.753,     0.765,    [     0.901],     6.032
 0.761,     0.769,    [     0.902],     6.290
 0.770,     0.774,    [     0.903],     6.551
 0.780,     0.772,    [     0.905],     6.804
 0.786,     0.777,    [     0.905],     7.066
 0.790,     0.781,    [     0.906],     7.294
 0.797,     0.782,    [     0.907],     7.505

 pctg,    rr,    α,    β
 0.600,     0.802,    [     0.907],     7.505

 pctg_inductive,    rr,    α,    β
 0.000,     0.663,    [     0.907],     7.505
 0.050,     0.684,    [     0.907],     7.505
 0.100,     0.714,    [     0.907],     7.505
 0.150,     0.720,    [     0.907],     7.505
 0.200,     0.732,    [     0.907],     7.505
 0.250,     0.750,    [     0.907],     7.505
 0.300,     0.747,    [     0.907],     7.505
 0.350,     0.740,    [     0.907],     7.505
 0.400,     0.740,    [     0.907],     7.505
 0.450,     0.771,    [     0.907],     7.505
 0.500,     0.746,    [     0.907],     7.505
 0.550,     0.766,    [     0.907],     7.505
 0.600,     0.757,    [     0.907],     7.505


seed_val:    3
 0.601,     0.619,    [     0.849],     3.496
 0.676,     0.659,    [     0.873],     3.927
 0.707,     0.684,    [     0.881],     4.494
 0.727,     0.700,    [     0.889],     4.997
 0.744,     0.718,    [     0.896],     5.477
 0.758,     0.729,    [     0.902],     5.897
 0.771,     0.740,    [     0.907],     6.316
 0.782,     0.752,    [     0.913],     6.724
 0.789,     0.756,    [     0.918],     7.080
 0.797,     0.765,    [     0.922],     7.386
 0.806,     0.773,    [     0.926],     7.725
 0.808,     0.772,    [     0.929],     7.992
 0.812,     0.777,    [     0.931],     8.206
 0.817,     0.774,    [     0.933],     8.466
 0.821,     0.778,    [     0.935],     8.662

 pctg,    rr,    α,    β
 0.600,     0.757,    [     0.935],     8.662

 pctg_inductive,    rr,    α,    β
 0.000,     0.683,    [     0.935],     8.662
 0.050,     0.706,    [     0.935],     8.662
 0.100,     0.732,    [     0.935],     8.662
 0.150,     0.754,    [     0.935],     8.662
 0.200,     0.762,    [     0.935],     8.662
 0.250,     0.752,    [     0.935],     8.662
 0.300,     0.762,    [     0.935],     8.662
 0.350,     0.769,    [     0.935],     8.662
 0.400,     0.778,    [     0.935],     8.662
 0.450,     0.774,    [     0.935],     8.662
 0.500,     0.799,    [     0.935],     8.662
 0.550,     0.801,    [     0.935],     8.662
 0.600,     0.759,    [     0.935],     8.662


seed_val:    4
 0.507,     0.590,    [     0.861],     2.830
 0.625,     0.650,    [     0.876],     3.371
 0.669,     0.675,    [     0.880],     4.019
 0.697,     0.689,    [     0.886],     4.579
 0.716,     0.698,    [     0.892],     5.060
 0.732,     0.710,    [     0.898],     5.484
 0.746,     0.719,    [     0.904],     5.845
 0.758,     0.728,    [     0.909],     6.212
 0.765,     0.728,    [     0.913],     6.555
 0.776,     0.739,    [     0.917],     6.902
 0.784,     0.743,    [     0.920],     7.190
 0.790,     0.744,    [     0.922],     7.520
 0.795,     0.741,    [     0.924],     7.839
 0.800,     0.746,    [     0.925],     8.125
 0.804,     0.745,    [     0.926],     8.380

 pctg,    rr,    α,    β
 0.600,     0.804,    [     0.926],     8.380

 pctg_inductive,    rr,    α,    β
 0.000,     0.705,    [     0.926],     8.380
 0.050,     0.723,    [     0.926],     8.380
 0.100,     0.755,    [     0.926],     8.380
 0.150,     0.752,    [     0.926],     8.380
 0.200,     0.767,    [     0.926],     8.380
 0.250,     0.762,    [     0.926],     8.380
 0.300,     0.769,    [     0.926],     8.380
 0.350,     0.775,    [     0.926],     8.380
 0.400,     0.786,    [     0.926],     8.380
 0.450,     0.801,    [     0.926],     8.380
 0.500,     0.800,    [     0.926],     8.380
 0.550,     0.792,    [     0.926],     8.380
 0.600,     0.788,    [     0.926],     8.380


seed_val:    5
 0.604,     0.638,    [     0.802],     3.604
 0.674,     0.700,    [     0.829],     4.067
 0.706,     0.730,    [     0.844],     4.644
 0.724,     0.747,    [     0.857],     5.163
 0.740,     0.766,    [     0.867],     5.618
 0.753,     0.774,    [     0.876],     6.018
 0.765,     0.789,    [     0.883],     6.418
 0.775,     0.793,    [     0.889],     6.771
 0.783,     0.800,    [     0.894],     7.114
 0.790,     0.800,    [     0.898],     7.427
 0.797,     0.807,    [     0.901],     7.721
 0.804,     0.813,    [     0.904],     7.988
 0.806,     0.816,    [     0.906],     8.206
 0.813,     0.814,    [     0.908],     8.461
 0.811,     0.813,    [     0.910],     8.636

 pctg,    rr,    α,    β
 0.600,     0.811,    [     0.910],     8.636

 pctg_inductive,    rr,    α,    β
 0.000,     0.714,    [     0.910],     8.636
 0.050,     0.731,    [     0.910],     8.636
 0.100,     0.750,    [     0.910],     8.636
 0.150,     0.765,    [     0.910],     8.636
 0.200,     0.761,    [     0.910],     8.636
 0.250,     0.780,    [     0.910],     8.636
 0.300,     0.764,    [     0.910],     8.636
 0.350,     0.769,    [     0.910],     8.636
 0.400,     0.761,    [     0.910],     8.636
 0.450,     0.793,    [     0.910],     8.636
 0.500,     0.802,    [     0.910],     8.636
 0.550,     0.803,    [     0.910],     8.636
 0.600,     0.805,    [     0.910],     8.636


seed_val:    6
 0.492,     0.558,    [     0.812],     2.915
 0.589,     0.639,    [     0.838],     3.187
 0.637,     0.687,    [     0.852],     3.666
 0.668,     0.712,    [     0.864],     4.165
 0.687,     0.726,    [     0.875],     4.598
 0.702,     0.737,    [     0.885],     4.964
 0.713,     0.745,    [     0.893],     5.282
 0.725,     0.754,    [     0.900],     5.544
 0.734,     0.763,    [     0.905],     5.807
 0.742,     0.763,    [     0.910],     6.087
 0.755,     0.776,    [     0.915],     6.385
 0.762,     0.780,    [     0.918],     6.687
 0.773,     0.792,    [     0.922],     7.028
 0.780,     0.797,    [     0.924],     7.341
 0.786,     0.795,    [     0.926],     7.615

 pctg,    rr,    α,    β
 0.600,     0.777,    [     0.926],     7.615

 pctg_inductive,    rr,    α,    β
 0.000,     0.676,    [     0.926],     7.615
 0.050,     0.704,    [     0.926],     7.615
 0.100,     0.715,    [     0.926],     7.615
 0.150,     0.743,    [     0.926],     7.615
 0.200,     0.747,    [     0.926],     7.615
 0.250,     0.749,    [     0.926],     7.615
 0.300,     0.753,    [     0.926],     7.615
 0.350,     0.772,    [     0.926],     7.615
 0.400,     0.782,    [     0.926],     7.615
 0.450,     0.777,    [     0.926],     7.615
 0.500,     0.796,    [     0.926],     7.615
 0.550,     0.785,    [     0.926],     7.615
 0.600,     0.792,    [     0.926],     7.615


seed_val:    7
 0.525,     0.631,    [     0.875],     2.553
 0.598,     0.686,    [     0.880],     3.191
 0.633,     0.713,    [     0.881],     3.766
 0.661,     0.736,    [     0.882],     4.260
 0.690,     0.758,    [     0.884],     4.688
 0.716,     0.779,    [     0.887],     5.116
 0.737,     0.793,    [     0.890],     5.584
 0.756,     0.803,    [     0.895],     6.056
 0.764,     0.803,    [     0.899],     6.478
 0.775,     0.812,    [     0.903],     6.833
 0.780,     0.813,    [     0.907],     7.134
 0.785,     0.820,    [     0.911],     7.383
 0.791,     0.820,    [     0.914],     7.633
 0.794,     0.819,    [     0.917],     7.821
 0.796,     0.817,    [     0.920],     7.983

 pctg,    rr,    α,    β
 0.600,     0.797,    [     0.920],     7.983

 pctg_inductive,    rr,    α,    β
 0.000,     0.672,    [     0.920],     7.983
 0.050,     0.699,    [     0.920],     7.983
 0.100,     0.712,    [     0.920],     7.983
 0.150,     0.731,    [     0.920],     7.983
 0.200,     0.759,    [     0.920],     7.983
 0.250,     0.776,    [     0.920],     7.983
 0.300,     0.758,    [     0.920],     7.983
 0.350,     0.760,    [     0.920],     7.983
 0.400,     0.772,    [     0.920],     7.983
 0.450,     0.782,    [     0.920],     7.983
 0.500,     0.777,    [     0.920],     7.983
 0.550,     0.792,    [     0.920],     7.983
 0.600,     0.771,    [     0.920],     7.983


seed_val:    8
 0.541,     0.593,    [     0.828],     3.443
 0.620,     0.637,    [     0.860],     3.722
 0.667,     0.675,    [     0.873],     4.258
 0.698,     0.707,    [     0.880],     4.835
 0.721,     0.728,    [     0.886],     5.393
 0.738,     0.746,    [     0.893],     5.917
 0.757,     0.759,    [     0.899],     6.412
 0.763,     0.767,    [     0.904],     6.900
 0.781,     0.777,    [     0.909],     7.382
 0.787,     0.783,    [     0.913],     7.794
 0.795,     0.786,    [     0.917],     8.164
 0.800,     0.789,    [     0.921],     8.501
 0.803,     0.792,    [     0.924],     8.788
 0.810,     0.797,    [     0.926],     9.070
 0.814,     0.801,    [     0.928],     9.271

 pctg,    rr,    α,    β
 0.600,     0.800,    [     0.928],     9.271

 pctg_inductive,    rr,    α,    β
 0.000,     0.702,    [     0.928],     9.271
 0.050,     0.731,    [     0.928],     9.271
 0.100,     0.756,    [     0.928],     9.271
 0.150,     0.755,    [     0.928],     9.271
 0.200,     0.760,    [     0.928],     9.271
 0.250,     0.784,    [     0.928],     9.271
 0.300,     0.784,    [     0.928],     9.271
 0.350,     0.777,    [     0.928],     9.271
 0.400,     0.783,    [     0.928],     9.271
 0.450,     0.784,    [     0.928],     9.271
 0.500,     0.803,    [     0.928],     9.271
 0.550,     0.796,    [     0.928],     9.271
 0.600,     0.786,    [     0.928],     9.271


seed_val:    9
 0.472,     0.564,    [     0.863],     2.474
 0.577,     0.638,    [     0.877],     2.928
 0.623,     0.674,    [     0.882],     3.490
 0.652,     0.697,    [     0.885],     3.975
 0.670,     0.712,    [     0.889],     4.366
 0.686,     0.725,    [     0.893],     4.683
 0.702,     0.739,    [     0.897],     4.974
 0.719,     0.751,    [     0.900],     5.292
 0.733,     0.762,    [     0.904],     5.629
 0.747,     0.770,    [     0.907],     5.962
 0.757,     0.779,    [     0.910],     6.286
 0.771,     0.791,    [     0.913],     6.649
 0.781,     0.796,    [     0.915],     7.026
 0.791,     0.799,    [     0.918],     7.407
 0.798,     0.805,    [     0.920],     7.767

 pctg,    rr,    α,    β
 0.600,     0.750,    [     0.920],     7.767

 pctg_inductive,    rr,    α,    β
 0.000,     0.660,    [     0.920],     7.767
 0.050,     0.690,    [     0.920],     7.767
 0.100,     0.690,    [     0.920],     7.767
 0.150,     0.723,    [     0.920],     7.767
 0.200,     0.720,    [     0.920],     7.767
 0.250,     0.728,    [     0.920],     7.767
 0.300,     0.724,    [     0.920],     7.767
 0.350,     0.744,    [     0.920],     7.767
 0.400,     0.755,    [     0.920],     7.767
 0.450,     0.759,    [     0.920],     7.767
 0.500,     0.766,    [     0.920],     7.767
 0.550,     0.770,    [     0.920],     7.767
 0.600,     0.764,    [     0.920],     7.767


seed_val:    10
 0.433,     0.549,    [     0.900],     2.284
 0.578,     0.617,    [     0.914],     2.915
 0.648,     0.658,    [     0.917],     3.701
 0.684,     0.692,    [     0.919],     4.371
 0.714,     0.718,    [     0.922],     4.945
 0.733,     0.730,    [     0.926],     5.423
 0.751,     0.744,    [     0.928],     5.889
 0.770,     0.758,    [     0.931],     6.318
 0.780,     0.762,    [     0.933],     6.697
 0.793,     0.770,    [     0.935],     7.093
 0.798,     0.779,    [     0.936],     7.460
 0.809,     0.783,    [     0.937],     7.813
 0.819,     0.791,    [     0.938],     8.163
 0.819,     0.790,    [     0.938],     8.460
 0.822,     0.795,    [     0.938],     8.690

 pctg,    rr,    α,    β
 0.600,     0.806,    [     0.938],     8.690

 pctg_inductive,    rr,    α,    β
 0.000,     0.686,    [     0.938],     8.690
 0.050,     0.708,    [     0.938],     8.690
 0.100,     0.725,    [     0.938],     8.690
 0.150,     0.753,    [     0.938],     8.690
 0.200,     0.734,    [     0.938],     8.690
 0.250,     0.768,    [     0.938],     8.690
 0.300,     0.760,    [     0.938],     8.690
 0.350,     0.767,    [     0.938],     8.690
 0.400,     0.780,    [     0.938],     8.690
 0.450,     0.796,    [     0.938],     8.690
 0.500,     0.767,    [     0.938],     8.690
 0.550,     0.782,    [     0.938],     8.690
 0.600,     0.799,    [     0.938],     8.690

 trans: county_income_2012,     0.791 ±  0.022
 α, β: [     0.923] ± [     0.010],  8.416 ±  0.710
 ind: county_income_2016,    [     0.685,      0.710,      0.727,      0.745,      0.751,      0.762,      0.760,      0.764,      0.770,      0.781,      0.782,      0.787,      0.778] ± [     0.018,      0.016,      0.021,      0.015,      0.017,      0.017,      0.017,      0.012,      0.015,      0.013,      0.020,      0.012,      0.018]


seed_val:    1
 0.429,     0.417,    [     0.741],     2.645
 0.526,     0.490,    [     0.748],     2.716
 0.591,     0.549,    [     0.740],     3.018
 0.638,     0.594,    [     0.731],     3.412
 0.668,     0.619,    [     0.725],     3.786
 0.686,     0.639,    [     0.724],     4.108
 0.701,     0.650,    [     0.727],     4.371
 0.714,     0.661,    [     0.731],     4.618
 0.723,     0.667,    [     0.737],     4.820
 0.729,     0.678,    [     0.742],     5.017
 0.739,     0.679,    [     0.746],     5.200
 0.744,     0.684,    [     0.750],     5.353
 0.749,     0.694,    [     0.753],     5.497
 0.753,     0.693,    [     0.758],     5.595
 0.751,     0.687,    [     0.761],     5.690

 pctg,    rr,    α,    β
 0.600,     0.734,    [     0.761],     5.690

 pctg_inductive,    rr,    α,    β
 0.000,     0.691,    [     0.761],     5.690
 0.050,     0.697,    [     0.761],     5.690
 0.100,     0.706,    [     0.761],     5.690
 0.150,     0.709,    [     0.761],     5.690
 0.200,     0.718,    [     0.761],     5.690
 0.250,     0.711,    [     0.761],     5.690
 0.300,     0.720,    [     0.761],     5.690
 0.350,     0.707,    [     0.761],     5.690
 0.400,     0.728,    [     0.761],     5.690
 0.450,     0.748,    [     0.761],     5.690
 0.500,     0.713,    [     0.761],     5.690
 0.550,     0.730,    [     0.761],     5.690
 0.600,     0.720,    [     0.761],     5.690


seed_val:    2
 0.322,     0.429,    [     0.845],     2.118
 0.455,     0.499,    [     0.858],     2.307
 0.558,     0.567,    [     0.851],     2.721
 0.613,     0.614,    [     0.839],     3.194
 0.644,     0.637,    [     0.830],     3.615
 0.664,     0.649,    [     0.824],     3.927
 0.678,     0.662,    [     0.821],     4.176
 0.690,     0.668,    [     0.819],     4.376
 0.699,     0.679,    [     0.818],     4.556
 0.706,     0.684,    [     0.819],     4.689
 0.711,     0.686,    [     0.820],     4.807
 0.717,     0.688,    [     0.821],     4.909
 0.720,     0.689,    [     0.822],     5.016
 0.725,     0.691,    [     0.823],     5.105
 0.730,     0.698,    [     0.824],     5.193

 pctg,    rr,    α,    β
 0.600,     0.718,    [     0.824],     5.193

 pctg_inductive,    rr,    α,    β
 0.000,     0.704,    [     0.824],     5.193
 0.050,     0.712,    [     0.824],     5.193
 0.100,     0.721,    [     0.824],     5.193
 0.150,     0.728,    [     0.824],     5.193
 0.200,     0.716,    [     0.824],     5.193
 0.250,     0.726,    [     0.824],     5.193
 0.300,     0.719,    [     0.824],     5.193
 0.350,     0.729,    [     0.824],     5.193
 0.400,     0.718,    [     0.824],     5.193
 0.450,     0.740,    [     0.824],     5.193
 0.500,     0.724,    [     0.824],     5.193
 0.550,     0.752,    [     0.824],     5.193
 0.600,     0.708,    [     0.824],     5.193


seed_val:    3
 0.457,     0.489,    [     0.734],     2.759
 0.540,     0.562,    [     0.747],     2.810
 0.608,     0.620,    [     0.745],     3.132
 0.642,     0.647,    [     0.744],     3.514
 0.663,     0.668,    [     0.750],     3.863
 0.678,     0.680,    [     0.759],     4.147
 0.691,     0.689,    [     0.768],     4.409
 0.704,     0.697,    [     0.777],     4.644
 0.713,     0.699,    [     0.786],     4.865
 0.718,     0.702,    [     0.795],     5.064
 0.726,     0.707,    [     0.802],     5.269
 0.728,     0.706,    [     0.808],     5.427
 0.734,     0.712,    [     0.814],     5.552
 0.742,     0.714,    [     0.819],     5.706
 0.746,     0.719,    [     0.824],     5.836

 pctg,    rr,    α,    β
 0.600,     0.645,    [     0.824],     5.836

 pctg_inductive,    rr,    α,    β
 0.000,     0.704,    [     0.824],     5.836
 0.050,     0.710,    [     0.824],     5.836
 0.100,     0.712,    [     0.824],     5.836
 0.150,     0.719,    [     0.824],     5.836
 0.200,     0.721,    [     0.824],     5.836
 0.250,     0.727,    [     0.824],     5.836
 0.300,     0.719,    [     0.824],     5.836
 0.350,     0.727,    [     0.824],     5.836
 0.400,     0.727,    [     0.824],     5.836
 0.450,     0.740,    [     0.824],     5.836
 0.500,     0.765,    [     0.824],     5.836
 0.550,     0.748,    [     0.824],     5.836
 0.600,     0.701,    [     0.824],     5.836


seed_val:    4
 0.326,     0.426,    [     0.844],     2.239
 0.459,     0.500,    [     0.859],     2.439
 0.570,     0.571,    [     0.849],     2.907
 0.616,     0.606,    [     0.836],     3.398
 0.639,     0.627,    [     0.827],     3.789
 0.657,     0.638,    [     0.822],     4.089
 0.670,     0.649,    [     0.819],     4.322
 0.680,     0.655,    [     0.817],     4.503
 0.688,     0.663,    [     0.817],     4.662
 0.695,     0.667,    [     0.818],     4.813
 0.704,     0.678,    [     0.819],     4.957
 0.711,     0.680,    [     0.821],     5.112
 0.719,     0.687,    [     0.823],     5.256
 0.725,     0.689,    [     0.825],     5.405
 0.730,     0.693,    [     0.827],     5.536

 pctg,    rr,    α,    β
 0.600,     0.724,    [     0.827],     5.536

 pctg_inductive,    rr,    α,    β
 0.000,     0.700,    [     0.827],     5.536
 0.050,     0.707,    [     0.827],     5.536
 0.100,     0.707,    [     0.827],     5.536
 0.150,     0.715,    [     0.827],     5.536
 0.200,     0.721,    [     0.827],     5.536
 0.250,     0.721,    [     0.827],     5.536
 0.300,     0.725,    [     0.827],     5.536
 0.350,     0.728,    [     0.827],     5.536
 0.400,     0.730,    [     0.827],     5.536
 0.450,     0.736,    [     0.827],     5.536
 0.500,     0.740,    [     0.827],     5.536
 0.550,     0.711,    [     0.827],     5.536
 0.600,     0.747,    [     0.827],     5.536


seed_val:    5
 0.443,     0.521,    [     0.756],     2.623
 0.535,     0.576,    [     0.761],     2.695
 0.594,     0.609,    [     0.752],     2.960
 0.633,     0.603,    [     0.746],     3.298
 0.655,     0.604,    [     0.743],     3.599
 0.670,     0.609,    [     0.743],     3.832
 0.679,     0.620,    [     0.745],     4.031
 0.693,     0.616,    [     0.747],     4.209
 0.702,     0.626,    [     0.750],     4.375
 0.710,     0.622,    [     0.754],     4.528
 0.717,     0.633,    [     0.757],     4.667
 0.724,     0.640,    [     0.759],     4.803
 0.728,     0.643,    [     0.762],     4.911
 0.734,     0.647,    [     0.765],     5.027
 0.735,     0.638,    [     0.767],     5.125

 pctg,    rr,    α,    β
 0.600,     0.705,    [     0.767],     5.125

 pctg_inductive,    rr,    α,    β
 0.000,     0.686,    [     0.767],     5.125
 0.050,     0.688,    [     0.767],     5.125
 0.100,     0.687,    [     0.767],     5.125
 0.150,     0.708,    [     0.767],     5.125
 0.200,     0.703,    [     0.767],     5.125
 0.250,     0.716,    [     0.767],     5.125
 0.300,     0.702,    [     0.767],     5.125
 0.350,     0.713,    [     0.767],     5.125
 0.400,     0.700,    [     0.767],     5.125
 0.450,     0.719,    [     0.767],     5.125
 0.500,     0.713,    [     0.767],     5.125
 0.550,     0.720,    [     0.767],     5.125
 0.600,     0.746,    [     0.767],     5.125


seed_val:    6
 0.335,     0.402,    [     0.812],     2.094
 0.486,     0.516,    [     0.810],     2.359
 0.545,     0.561,    [     0.796],     2.739
 0.585,     0.600,    [     0.784],     3.102
 0.618,     0.630,    [     0.774],     3.426
 0.644,     0.646,    [     0.768],     3.714
 0.661,     0.662,    [     0.763],     3.968
 0.676,     0.671,    [     0.761],     4.163
 0.685,     0.680,    [     0.761],     4.334
 0.694,     0.683,    [     0.762],     4.482
 0.701,     0.688,    [     0.765],     4.595
 0.705,     0.691,    [     0.768],     4.700
 0.711,     0.694,    [     0.770],     4.806
 0.716,     0.695,    [     0.773],     4.902
 0.719,     0.700,    [     0.775],     4.995

 pctg,    rr,    α,    β
 0.600,     0.673,    [     0.775],     4.995

 pctg_inductive,    rr,    α,    β
 0.000,     0.668,    [     0.775],     4.995
 0.050,     0.682,    [     0.775],     4.995
 0.100,     0.682,    [     0.775],     4.995
 0.150,     0.696,    [     0.775],     4.995
 0.200,     0.677,    [     0.775],     4.995
 0.250,     0.696,    [     0.775],     4.995
 0.300,     0.683,    [     0.775],     4.995
 0.350,     0.691,    [     0.775],     4.995
 0.400,     0.736,    [     0.775],     4.995
 0.450,     0.705,    [     0.775],     4.995
 0.500,     0.731,    [     0.775],     4.995
 0.550,     0.715,    [     0.775],     4.995
 0.600,     0.712,    [     0.775],     4.995


seed_val:    7
 0.440,     0.574,    [     0.751],     2.805
 0.501,     0.618,    [     0.765],     2.805
 0.541,     0.653,    [     0.766],     2.989
 0.571,     0.678,    [     0.766],     3.220
 0.592,     0.687,    [     0.766],     3.424
 0.606,     0.703,    [     0.768],     3.608
 0.619,     0.707,    [     0.770],     3.757
 0.629,     0.719,    [     0.774],     3.914
 0.642,     0.724,    [     0.776],     4.064
 0.653,     0.732,    [     0.779],     4.206
 0.662,     0.732,    [     0.782],     4.363
 0.671,     0.739,    [     0.785],     4.508
 0.680,     0.738,    [     0.787],     4.649
 0.686,     0.749,    [     0.790],     4.763
 0.689,     0.753,    [     0.792],     4.879

 pctg,    rr,    α,    β
 0.600,     0.691,    [     0.792],     4.879

 pctg_inductive,    rr,    α,    β
 0.000,     0.690,    [     0.792],     4.879
 0.050,     0.696,    [     0.792],     4.879
 0.100,     0.706,    [     0.792],     4.879
 0.150,     0.701,    [     0.792],     4.879
 0.200,     0.709,    [     0.792],     4.879
 0.250,     0.684,    [     0.792],     4.879
 0.300,     0.719,    [     0.792],     4.879
 0.350,     0.704,    [     0.792],     4.879
 0.400,     0.727,    [     0.792],     4.879
 0.450,     0.729,    [     0.792],     4.879
 0.500,     0.712,    [     0.792],     4.879
 0.550,     0.727,    [     0.792],     4.879
 0.600,     0.699,    [     0.792],     4.879


seed_val:    8
 0.204,     0.317,    [     0.819],     1.914
 0.329,     0.397,    [     0.826],     2.030
 0.456,     0.487,    [     0.809],     2.319
 0.532,     0.548,    [     0.787],     2.666
 0.594,     0.594,    [     0.766],     3.050
 0.644,     0.633,    [     0.752],     3.480
 0.672,     0.642,    [     0.746],     3.883
 0.684,     0.664,    [     0.745],     4.209
 0.697,     0.661,    [     0.748],     4.441
 0.705,     0.669,    [     0.752],     4.621
 0.713,     0.675,    [     0.757],     4.763
 0.721,     0.669,    [     0.761],     4.904
 0.728,     0.674,    [     0.764],     5.033
 0.734,     0.678,    [     0.767],     5.165
 0.735,     0.695,    [     0.769],     5.263

 pctg,    rr,    α,    β
 0.600,     0.754,    [     0.769],     5.263

 pctg_inductive,    rr,    α,    β
 0.000,     0.717,    [     0.769],     5.263
 0.050,     0.715,    [     0.769],     5.263
 0.100,     0.734,    [     0.769],     5.263
 0.150,     0.728,    [     0.769],     5.263
 0.200,     0.739,    [     0.769],     5.263
 0.250,     0.740,    [     0.769],     5.263
 0.300,     0.741,    [     0.769],     5.263
 0.350,     0.744,    [     0.769],     5.263
 0.400,     0.723,    [     0.769],     5.263
 0.450,     0.748,    [     0.769],     5.263
 0.500,     0.739,    [     0.769],     5.263
 0.550,     0.752,    [     0.769],     5.263
 0.600,     0.730,    [     0.769],     5.263


seed_val:    9
 0.511,     0.592,    [     0.692],     3.182
 0.553,     0.623,    [     0.723],     3.010
 0.581,     0.644,    [     0.732],     3.124
 0.606,     0.660,    [     0.736],     3.303
 0.626,     0.673,    [     0.738],     3.503
 0.647,     0.691,    [     0.739],     3.722
 0.665,     0.701,    [     0.741],     3.948
 0.677,     0.710,    [     0.743],     4.166
 0.697,     0.717,    [     0.745],     4.419
 0.706,     0.724,    [     0.747],     4.640
 0.720,     0.728,    [     0.751],     4.844
 0.729,     0.732,    [     0.755],     5.024
 0.736,     0.735,    [     0.758],     5.184
 0.741,     0.740,    [     0.760],     5.319
 0.746,     0.736,    [     0.761],     5.450

 pctg,    rr,    α,    β
 0.600,     0.712,    [     0.761],     5.450

 pctg_inductive,    rr,    α,    β
 0.000,     0.696,    [     0.761],     5.450
 0.050,     0.707,    [     0.761],     5.450
 0.100,     0.714,    [     0.761],     5.450
 0.150,     0.717,    [     0.761],     5.450
 0.200,     0.718,    [     0.761],     5.450
 0.250,     0.709,    [     0.761],     5.450
 0.300,     0.724,    [     0.761],     5.450
 0.350,     0.724,    [     0.761],     5.450
 0.400,     0.727,    [     0.761],     5.450
 0.450,     0.760,    [     0.761],     5.450
 0.500,     0.706,    [     0.761],     5.450
 0.550,     0.743,    [     0.761],     5.450
 0.600,     0.732,    [     0.761],     5.450


seed_val:    10
 0.285,     0.402,    [     0.861],     2.170
 0.402,     0.472,    [     0.878],     2.338
 0.507,     0.535,    [     0.876],     2.684
 0.551,     0.568,    [     0.868],     3.018
 0.578,     0.597,    [     0.859],     3.270
 0.603,     0.620,    [     0.852],     3.463
 0.625,     0.639,    [     0.844],     3.661
 0.644,     0.653,    [     0.838],     3.848
 0.661,     0.659,    [     0.832],     4.032
 0.677,     0.674,    [     0.828],     4.221
 0.694,     0.684,    [     0.825],     4.422
 0.706,     0.690,    [     0.822],     4.620
 0.720,     0.693,    [     0.819],     4.807
 0.729,     0.699,    [     0.816],     5.000
 0.739,     0.705,    [     0.814],     5.175

 pctg,    rr,    α,    β
 0.600,     0.701,    [     0.814],     5.175

 pctg_inductive,    rr,    α,    β
 0.000,     0.667,    [     0.814],     5.175
 0.050,     0.678,    [     0.814],     5.175
 0.100,     0.689,    [     0.814],     5.175
 0.150,     0.695,    [     0.814],     5.175
 0.200,     0.677,    [     0.814],     5.175
 0.250,     0.693,    [     0.814],     5.175
 0.300,     0.719,    [     0.814],     5.175
 0.350,     0.717,    [     0.814],     5.175
 0.400,     0.723,    [     0.814],     5.175
 0.450,     0.716,    [     0.814],     5.175
 0.500,     0.728,    [     0.814],     5.175
 0.550,     0.723,    [     0.814],     5.175
 0.600,     0.729,    [     0.814],     5.175

 trans: county_education_2012,     0.706 ±  0.031
 α, β: [     0.792] ± [     0.028],  5.314 ±  0.307
 ind: county_education_2016,    [     0.692,      0.699,      0.706,      0.712,      0.710,      0.712,      0.717,      0.718,      0.724,      0.734,      0.727,      0.732,      0.722] ± [     0.016,      0.013,      0.016,      0.012,      0.020,      0.017,      0.015,      0.015,      0.010,      0.017,      0.018,      0.015,      0.017]


seed_val:    1
 0.527,     0.677,    [     0.920],     2.910
 0.630,     0.729,    [     0.950],     3.614
 0.697,     0.769,    [     0.963],     4.580
 0.722,     0.782,    [     0.970],     5.501
 0.735,     0.788,    [     0.975],     6.197
 0.744,     0.789,    [     0.979],     6.679
 0.751,     0.792,    [     0.982],     7.009
 0.755,     0.792,    [     0.984],     7.248
 0.757,     0.792,    [     0.985],     7.408
 0.761,     0.793,    [     0.986],     7.556
 0.763,     0.795,    [     0.987],     7.687
 0.765,     0.795,    [     0.988],     7.774
 0.767,     0.792,    [     0.989],     7.883
 0.770,     0.795,    [     0.989],     7.961
 0.771,     0.792,    [     0.990],     8.053

 pctg,    rr,    α,    β
 0.600,     0.778,    [     0.990],     8.053

 pctg_inductive,    rr,    α,    β
 0.000,     0.308,    [     0.990],     8.053
 0.050,     0.465,    [     0.990],     8.053
 0.100,     0.629,    [     0.990],     8.053
 0.150,     0.654,    [     0.990],     8.053
 0.200,     0.694,    [     0.990],     8.053
 0.250,     0.703,    [     0.990],     8.053
 0.300,     0.729,    [     0.990],     8.053
 0.350,     0.718,    [     0.990],     8.053
 0.400,     0.713,    [     0.990],     8.053
 0.450,     0.749,    [     0.990],     8.053
 0.500,     0.761,    [     0.990],     8.053
 0.550,     0.752,    [     0.990],     8.053
 0.600,     0.764,    [     0.990],     8.053


seed_val:    2
 0.540,     0.703,    [     0.916],     2.990
 0.626,     0.734,    [     0.949],     3.786
 0.667,     0.751,    [     0.964],     4.652
 0.689,     0.767,    [     0.972],     5.431
 0.705,     0.779,    [     0.977],     6.082
 0.715,     0.779,    [     0.980],     6.587
 0.721,     0.779,    [     0.982],     6.952
 0.723,     0.775,    [     0.984],     7.216
 0.724,     0.773,    [     0.985],     7.404
 0.725,     0.772,    [     0.986],     7.549
 0.728,     0.772,    [     0.987],     7.682
 0.728,     0.770,    [     0.987],     7.785
 0.731,     0.769,    [     0.988],     7.883
 0.733,     0.769,    [     0.988],     7.992
 0.731,     0.765,    [     0.988],     8.110

 pctg,    rr,    α,    β
 0.600,     0.791,    [     0.988],     8.110

 pctg_inductive,    rr,    α,    β
 0.000,     0.422,    [     0.988],     8.110
 0.050,     0.592,    [     0.988],     8.110
 0.100,     0.670,    [     0.988],     8.110
 0.150,     0.683,    [     0.988],     8.110
 0.200,     0.683,    [     0.988],     8.110
 0.250,     0.683,    [     0.988],     8.110
 0.300,     0.714,    [     0.988],     8.110
 0.350,     0.744,    [     0.988],     8.110
 0.400,     0.716,    [     0.988],     8.110
 0.450,     0.750,    [     0.988],     8.110
 0.500,     0.717,    [     0.988],     8.110
 0.550,     0.733,    [     0.988],     8.110
 0.600,     0.734,    [     0.988],     8.110


seed_val:    3
 0.547,     0.663,    [     0.920],     3.165
 0.611,     0.686,    [     0.952],     3.921
 0.645,     0.704,    [     0.966],     4.720
 0.673,     0.721,    [     0.974],     5.477
 0.692,     0.733,    [     0.979],     6.127
 0.703,     0.736,    [     0.982],     6.617
 0.711,     0.737,    [     0.984],     6.981
 0.715,     0.735,    [     0.986],     7.258
 0.722,     0.734,    [     0.987],     7.456
 0.725,     0.732,    [     0.989],     7.618
 0.729,     0.732,    [     0.989],     7.751
 0.734,     0.732,    [     0.990],     7.859
 0.736,     0.735,    [     0.991],     7.965
 0.738,     0.732,    [     0.991],     8.057
 0.739,     0.733,    [     0.992],     8.115

 pctg,    rr,    α,    β
 0.600,     0.832,    [     0.992],     8.115

 pctg_inductive,    rr,    α,    β
 0.000,     0.320,    [     0.992],     8.115
 0.050,     0.553,    [     0.992],     8.115
 0.100,     0.652,    [     0.992],     8.115
 0.150,     0.652,    [     0.992],     8.115
 0.200,     0.698,    [     0.992],     8.115
 0.250,     0.708,    [     0.992],     8.115
 0.300,     0.713,    [     0.992],     8.115
 0.350,     0.714,    [     0.992],     8.115
 0.400,     0.724,    [     0.992],     8.115
 0.450,     0.736,    [     0.992],     8.115
 0.500,     0.769,    [     0.992],     8.115
 0.550,     0.705,    [     0.992],     8.115
 0.600,     0.759,    [     0.992],     8.115


seed_val:    4
 0.550,     0.722,    [     0.926],     3.076
 0.647,     0.750,    [     0.955],     3.856
 0.721,     0.780,    [     0.967],     4.913
 0.743,     0.781,    [     0.973],     5.858
 0.751,     0.781,    [     0.978],     6.484
 0.761,     0.782,    [     0.981],     6.924
 0.767,     0.781,    [     0.984],     7.258
 0.771,     0.778,    [     0.985],     7.508
 0.775,     0.780,    [     0.987],     7.712
 0.779,     0.776,    [     0.988],     7.885
 0.781,     0.775,    [     0.989],     7.998
 0.782,     0.772,    [     0.989],     8.104
 0.785,     0.770,    [     0.990],     8.222
 0.787,     0.765,    [     0.990],     8.317
 0.789,     0.764,    [     0.991],     8.426

 pctg,    rr,    α,    β
 0.600,     0.740,    [     0.991],     8.426

 pctg_inductive,    rr,    α,    β
 0.000,     0.355,    [     0.991],     8.426
 0.050,     0.596,    [     0.991],     8.426
 0.100,     0.651,    [     0.991],     8.426
 0.150,     0.654,    [     0.991],     8.426
 0.200,     0.690,    [     0.991],     8.426
 0.250,     0.705,    [     0.991],     8.426
 0.300,     0.688,    [     0.991],     8.426
 0.350,     0.715,    [     0.991],     8.426
 0.400,     0.716,    [     0.991],     8.426
 0.450,     0.749,    [     0.991],     8.426
 0.500,     0.731,    [     0.991],     8.426
 0.550,     0.750,    [     0.991],     8.426
 0.600,     0.732,    [     0.991],     8.426


seed_val:    5
 0.591,     0.726,    [     0.917],     3.441
 0.670,     0.742,    [     0.948],     4.241
 0.704,     0.744,    [     0.961],     5.128
 0.719,     0.750,    [     0.969],     5.852
 0.732,     0.755,    [     0.975],     6.386
 0.740,     0.756,    [     0.978],     6.765
 0.742,     0.755,    [     0.981],     7.064
 0.747,     0.757,    [     0.982],     7.283
 0.751,     0.755,    [     0.984],     7.449
 0.755,     0.759,    [     0.985],     7.639
 0.759,     0.754,    [     0.986],     7.798
 0.759,     0.755,    [     0.986],     7.895
 0.763,     0.756,    [     0.987],     8.013
 0.765,     0.755,    [     0.987],     8.143
 0.765,     0.757,    [     0.987],     8.221

 pctg,    rr,    α,    β
 0.600,     0.756,    [     0.987],     8.221

 pctg_inductive,    rr,    α,    β
 0.000,     0.426,    [     0.987],     8.221
 0.050,     0.591,    [     0.987],     8.221
 0.100,     0.628,    [     0.987],     8.221
 0.150,     0.687,    [     0.987],     8.221
 0.200,     0.681,    [     0.987],     8.221
 0.250,     0.710,    [     0.987],     8.221
 0.300,     0.733,    [     0.987],     8.221
 0.350,     0.720,    [     0.987],     8.221
 0.400,     0.730,    [     0.987],     8.221
 0.450,     0.733,    [     0.987],     8.221
 0.500,     0.731,    [     0.987],     8.221
 0.550,     0.736,    [     0.987],     8.221
 0.600,     0.739,    [     0.987],     8.221


seed_val:    6
 0.645,     0.782,    [     0.911],     3.588
 0.710,     0.817,    [     0.947],     4.469
 0.728,     0.828,    [     0.962],     5.352
 0.742,     0.831,    [     0.971],     6.105
 0.750,     0.832,    [     0.977],     6.670
 0.755,     0.830,    [     0.980],     7.086
 0.759,     0.833,    [     0.983],     7.388
 0.762,     0.835,    [     0.985],     7.613
 0.764,     0.834,    [     0.987],     7.788
 0.766,     0.836,    [     0.988],     7.927
 0.768,     0.834,    [     0.989],     8.030
 0.768,     0.834,    [     0.990],     8.116
 0.771,     0.834,    [     0.991],     8.239
 0.771,     0.832,    [     0.991],     8.315
 0.773,     0.833,    [     0.992],     8.408

 pctg,    rr,    α,    β
 0.600,     0.786,    [     0.992],     8.408

 pctg_inductive,    rr,    α,    β
 0.000,     0.324,    [     0.992],     8.408
 0.050,     0.539,    [     0.992],     8.408
 0.100,     0.670,    [     0.992],     8.408
 0.150,     0.689,    [     0.992],     8.408
 0.200,     0.682,    [     0.992],     8.408
 0.250,     0.717,    [     0.992],     8.408
 0.300,     0.740,    [     0.992],     8.408
 0.350,     0.737,    [     0.992],     8.408
 0.400,     0.740,    [     0.992],     8.408
 0.450,     0.753,    [     0.992],     8.408
 0.500,     0.754,    [     0.992],     8.408
 0.550,     0.766,    [     0.992],     8.408
 0.600,     0.742,    [     0.992],     8.408


seed_val:    7
 0.525,     0.667,    [     0.923],     2.188
 0.612,     0.713,    [     0.941],     3.036
 0.667,     0.741,    [     0.953],     3.917
 0.696,     0.760,    [     0.962],     4.722
 0.717,     0.774,    [     0.969],     5.385
 0.729,     0.782,    [     0.974],     5.920
 0.736,     0.786,    [     0.978],     6.299
 0.743,     0.790,    [     0.981],     6.581
 0.746,     0.793,    [     0.983],     6.817
 0.749,     0.795,    [     0.984],     6.981
 0.751,     0.795,    [     0.986],     7.137
 0.755,     0.798,    [     0.987],     7.259
 0.755,     0.797,    [     0.988],     7.367
 0.757,     0.797,    [     0.988],     7.460
 0.761,     0.800,    [     0.989],     7.541

 pctg,    rr,    α,    β
 0.600,     0.811,    [     0.989],     7.541

 pctg_inductive,    rr,    α,    β
 0.000,     0.333,    [     0.989],     7.541
 0.050,     0.637,    [     0.989],     7.541
 0.100,     0.629,    [     0.989],     7.541
 0.150,     0.696,    [     0.989],     7.541
 0.200,     0.699,    [     0.989],     7.541
 0.250,     0.702,    [     0.989],     7.541
 0.300,     0.711,    [     0.989],     7.541
 0.350,     0.722,    [     0.989],     7.541
 0.400,     0.752,    [     0.989],     7.541
 0.450,     0.746,    [     0.989],     7.541
 0.500,     0.735,    [     0.989],     7.541
 0.550,     0.729,    [     0.989],     7.541
 0.600,     0.752,    [     0.989],     7.541


seed_val:    8
 0.586,     0.709,    [     0.926],     2.834
 0.674,     0.753,    [     0.954],     3.632
 0.720,     0.778,    [     0.967],     4.592
 0.733,     0.784,    [     0.974],     5.481
 0.741,     0.790,    [     0.978],     6.138
 0.751,     0.795,    [     0.981],     6.598
 0.757,     0.797,    [     0.984],     6.914
 0.763,     0.799,    [     0.985],     7.191
 0.767,     0.799,    [     0.987],     7.405
 0.771,     0.801,    [     0.988],     7.595
 0.775,     0.802,    [     0.989],     7.734
 0.777,     0.800,    [     0.990],     7.879
 0.777,     0.800,    [     0.990],     7.985
 0.782,     0.800,    [     0.991],     8.109
 0.781,     0.801,    [     0.991],     8.166

 pctg,    rr,    α,    β
 0.600,     0.733,    [     0.991],     8.166

 pctg_inductive,    rr,    α,    β
 0.000,     0.356,    [     0.991],     8.166
 0.050,     0.544,    [     0.991],     8.166
 0.100,     0.675,    [     0.991],     8.166
 0.150,     0.698,    [     0.991],     8.166
 0.200,     0.712,    [     0.991],     8.166
 0.250,     0.734,    [     0.991],     8.166
 0.300,     0.727,    [     0.991],     8.166
 0.350,     0.715,    [     0.991],     8.166
 0.400,     0.757,    [     0.991],     8.166
 0.450,     0.749,    [     0.991],     8.166
 0.500,     0.770,    [     0.991],     8.166
 0.550,     0.767,    [     0.991],     8.166
 0.600,     0.757,    [     0.991],     8.166


seed_val:    9
 0.505,     0.622,    [     0.923],     2.226
 0.596,     0.669,    [     0.944],     2.908
 0.657,     0.701,    [     0.957],     3.656
 0.699,     0.720,    [     0.965],     4.409
 0.720,     0.730,    [     0.971],     5.079
 0.733,     0.733,    [     0.976],     5.596
 0.742,     0.741,    [     0.979],     6.001
 0.752,     0.745,    [     0.981],     6.354
 0.756,     0.749,    [     0.983],     6.632
 0.760,     0.754,    [     0.985],     6.864
 0.762,     0.755,    [     0.986],     7.040
 0.764,     0.758,    [     0.987],     7.191
 0.766,     0.758,    [     0.988],     7.314
 0.766,     0.758,    [     0.988],     7.396
 0.767,     0.758,    [     0.989],     7.485

 pctg,    rr,    α,    β
 0.600,     0.788,    [     0.989],     7.485

 pctg_inductive,    rr,    α,    β
 0.000,     0.348,    [     0.989],     7.485
 0.050,     0.554,    [     0.989],     7.485
 0.100,     0.627,    [     0.989],     7.485
 0.150,     0.661,    [     0.989],     7.485
 0.200,     0.680,    [     0.989],     7.485
 0.250,     0.706,    [     0.989],     7.485
 0.300,     0.704,    [     0.989],     7.485
 0.350,     0.711,    [     0.989],     7.485
 0.400,     0.714,    [     0.989],     7.485
 0.450,     0.744,    [     0.989],     7.485
 0.500,     0.757,    [     0.989],     7.485
 0.550,     0.732,    [     0.989],     7.485
 0.600,     0.759,    [     0.989],     7.485


seed_val:    10
 0.558,     0.695,    [     0.930],     2.758
 0.647,     0.745,    [     0.953],     3.609
 0.693,     0.765,    [     0.965],     4.490
 0.719,     0.780,    [     0.972],     5.356
 0.730,     0.783,    [     0.977],     6.014
 0.738,     0.784,    [     0.981],     6.423
 0.741,     0.785,    [     0.983],     6.726
 0.747,     0.785,    [     0.985],     6.950
 0.748,     0.785,    [     0.987],     7.120
 0.750,     0.787,    [     0.988],     7.253
 0.755,     0.788,    [     0.989],     7.391
 0.757,     0.789,    [     0.989],     7.500
 0.757,     0.787,    [     0.990],     7.569
 0.760,     0.789,    [     0.990],     7.663
 0.762,     0.791,    [     0.991],     7.742

 pctg,    rr,    α,    β
 0.600,     0.792,    [     0.991],     7.742

 pctg_inductive,    rr,    α,    β
 0.000,     0.358,    [     0.991],     7.742
 0.050,     0.571,    [     0.991],     7.742
 0.100,     0.667,    [     0.991],     7.742
 0.150,     0.699,    [     0.991],     7.742
 0.200,     0.703,    [     0.991],     7.742
 0.250,     0.724,    [     0.991],     7.742
 0.300,     0.742,    [     0.991],     7.742
 0.350,     0.722,    [     0.991],     7.742
 0.400,     0.759,    [     0.991],     7.742
 0.450,     0.751,    [     0.991],     7.742
 0.500,     0.758,    [     0.991],     7.742
 0.550,     0.776,    [     0.991],     7.742
 0.600,     0.767,    [     0.991],     7.742

 trans: county_unemployment_2012,     0.781 ±  0.031
 α, β: [     0.990] ± [     0.002],  8.027 ±  0.331
 ind: county_unemployment_2016,    [     0.355,      0.564,      0.650,      0.677,      0.692,      0.709,      0.720,      0.722,      0.732,      0.746,      0.748,      0.745,      0.751] ± [     0.040,      0.046,      0.020,      0.020,      0.011,      0.014,      0.017,      0.011,      0.018,      0.006,      0.018,      0.022,      0.013]


seed_val:    1
 0.204,     0.268,    [     0.378],    14.582
 0.381,     0.438,    [     0.506],    17.839
 0.467,     0.523,    [     0.615],    22.389
 0.521,     0.577,    [     0.710],    27.458
 0.572,     0.618,    [     0.785],    33.001
 0.602,     0.630,    [     0.838],    38.635
 0.627,     0.659,    [     0.875],    43.754
 0.648,     0.670,    [     0.898],    48.545
 0.664,     0.686,    [     0.915],    52.539
 0.678,     0.690,    [     0.927],    55.920
 0.682,     0.688,    [     0.935],    58.615
 0.687,     0.694,    [     0.941],    60.605
 0.691,     0.691,    [     0.946],    62.697
 0.700,     0.691,    [     0.949],    64.322
 0.710,     0.691,    [     0.952],    66.039

 pctg,    rr,    α,    β
 0.600,     0.715,    [     0.952],    66.039

 pctg_inductive,    rr,    α,    β
 0.000,     0.383,    [     0.952],    66.039
 0.050,     0.498,    [     0.952],    66.039
 0.100,     0.550,    [     0.952],    66.039
 0.150,     0.582,    [     0.952],    66.039
 0.200,     0.581,    [     0.952],    66.039
 0.250,     0.649,    [     0.952],    66.039
 0.300,     0.657,    [     0.952],    66.039
 0.350,     0.659,    [     0.952],    66.039
 0.400,     0.651,    [     0.952],    66.039
 0.450,     0.659,    [     0.952],    66.039
 0.500,     0.676,    [     0.952],    66.039
 0.550,     0.684,    [     0.952],    66.039
 0.600,     0.669,    [     0.952],    66.039


seed_val:    2
 0.165,     0.286,    [     0.525],    12.960
 0.352,     0.482,    [     0.605],    17.079
 0.468,     0.569,    [     0.686],    22.345
 0.539,     0.630,    [     0.760],    28.404
 0.588,     0.656,    [     0.819],    34.736
 0.621,     0.670,    [     0.861],    40.814
 0.649,     0.672,    [     0.890],    46.351
 0.666,     0.680,    [     0.908],    51.107
 0.679,     0.677,    [     0.922],    55.209
 0.693,     0.686,    [     0.932],    58.579
 0.697,     0.690,    [     0.939],    61.523
 0.708,     0.686,    [     0.944],    63.991
 0.708,     0.687,    [     0.948],    65.873
 0.715,     0.682,    [     0.951],    67.282
 0.715,     0.683,    [     0.954],    68.763

 pctg,    rr,    α,    β
 0.600,     0.735,    [     0.954],    68.763

 pctg_inductive,    rr,    α,    β
 0.000,     0.415,    [     0.954],    68.763
 0.050,     0.537,    [     0.954],    68.763
 0.100,     0.581,    [     0.954],    68.763
 0.150,     0.595,    [     0.954],    68.763
 0.200,     0.610,    [     0.954],    68.763
 0.250,     0.632,    [     0.954],    68.763
 0.300,     0.649,    [     0.954],    68.763
 0.350,     0.669,    [     0.954],    68.763
 0.400,     0.661,    [     0.954],    68.763
 0.450,     0.682,    [     0.954],    68.763
 0.500,     0.669,    [     0.954],    68.763
 0.550,     0.669,    [     0.954],    68.763
 0.600,     0.702,    [     0.954],    68.763


seed_val:    3
 0.244,     0.366,    [     0.386],    14.732
 0.405,     0.516,    [     0.508],    18.300
 0.498,     0.590,    [     0.613],    23.024
 0.560,     0.631,    [     0.703],    28.380
 0.603,     0.657,    [     0.774],    34.202
 0.631,     0.677,    [     0.827],    39.953
 0.647,     0.679,    [     0.865],    45.399
 0.668,     0.690,    [     0.892],    50.162
 0.683,     0.696,    [     0.910],    54.468
 0.686,     0.693,    [     0.923],    57.941
 0.701,     0.696,    [     0.932],    61.109
 0.698,     0.689,    [     0.939],    63.454
 0.711,     0.695,    [     0.944],    65.454
 0.710,     0.688,    [     0.948],    67.475
 0.714,     0.689,    [     0.952],    68.897

 pctg,    rr,    α,    β
 0.600,     0.684,    [     0.952],    68.897

 pctg_inductive,    rr,    α,    β
 0.000,     0.443,    [     0.952],    68.897
 0.050,     0.542,    [     0.952],    68.897
 0.100,     0.591,    [     0.952],    68.897
 0.150,     0.624,    [     0.952],    68.897
 0.200,     0.638,    [     0.952],    68.897
 0.250,     0.669,    [     0.952],    68.897
 0.300,     0.673,    [     0.952],    68.897
 0.350,     0.675,    [     0.952],    68.897
 0.400,     0.681,    [     0.952],    68.897
 0.450,     0.684,    [     0.952],    68.897
 0.500,     0.707,    [     0.952],    68.897
 0.550,     0.696,    [     0.952],    68.897
 0.600,     0.695,    [     0.952],    68.897


seed_val:    4
 0.329,     0.287,    [     0.351],    15.926
 0.460,     0.427,    [     0.486],    19.714
 0.529,     0.506,    [     0.605],    24.443
 0.581,     0.556,    [     0.708],    29.724
 0.619,     0.586,    [     0.787],    35.360
 0.647,     0.610,    [     0.842],    41.283
 0.672,     0.631,    [     0.880],    46.946
 0.683,     0.632,    [     0.905],    52.059
 0.696,     0.648,    [     0.922],    56.365
 0.706,     0.658,    [     0.934],    59.869
 0.712,     0.657,    [     0.943],    62.557
 0.718,     0.662,    [     0.949],    65.051
 0.725,     0.666,    [     0.954],    67.235
 0.729,     0.663,    [     0.958],    68.857
 0.734,     0.667,    [     0.960],    70.697

 pctg,    rr,    α,    β
 0.600,     0.683,    [     0.960],    70.697

 pctg_inductive,    rr,    α,    β
 0.000,     0.383,    [     0.960],    70.697
 0.050,     0.529,    [     0.960],    70.697
 0.100,     0.545,    [     0.960],    70.697
 0.150,     0.585,    [     0.960],    70.697
 0.200,     0.621,    [     0.960],    70.697
 0.250,     0.663,    [     0.960],    70.697
 0.300,     0.646,    [     0.960],    70.697
 0.350,     0.662,    [     0.960],    70.697
 0.400,     0.679,    [     0.960],    70.697
 0.450,     0.688,    [     0.960],    70.697
 0.500,     0.699,    [     0.960],    70.697
 0.550,     0.681,    [     0.960],    70.697
 0.600,     0.711,    [     0.960],    70.697


seed_val:    5
 0.312,     0.298,    [     0.329],    16.752
 0.441,     0.445,    [     0.484],    19.780
 0.518,     0.512,    [     0.595],    24.108
 0.561,     0.564,    [     0.685],    28.726
 0.600,     0.596,    [     0.751],    33.488
 0.632,     0.620,    [     0.801],    38.040
 0.647,     0.642,    [     0.838],    42.125
 0.668,     0.659,    [     0.865],    46.017
 0.681,     0.666,    [     0.886],    49.337
 0.688,     0.678,    [     0.901],    52.260
 0.698,     0.679,    [     0.913],    54.812
 0.706,     0.682,    [     0.922],    57.007
 0.712,     0.697,    [     0.929],    59.103
 0.718,     0.689,    [     0.935],    60.951
 0.718,     0.688,    [     0.940],    62.492

 pctg,    rr,    α,    β
 0.600,     0.676,    [     0.940],    62.492

 pctg_inductive,    rr,    α,    β
 0.000,     0.346,    [     0.940],    62.492
 0.050,     0.478,    [     0.940],    62.492
 0.100,     0.561,    [     0.940],    62.492
 0.150,     0.609,    [     0.940],    62.492
 0.200,     0.589,    [     0.940],    62.492
 0.250,     0.638,    [     0.940],    62.492
 0.300,     0.656,    [     0.940],    62.492
 0.350,     0.659,    [     0.940],    62.492
 0.400,     0.645,    [     0.940],    62.492
 0.450,     0.678,    [     0.940],    62.492
 0.500,     0.685,    [     0.940],    62.492
 0.550,     0.675,    [     0.940],    62.492
 0.600,     0.683,    [     0.940],    62.492


seed_val:    6
 0.104,     0.176,    [     0.379],    13.542
 0.321,     0.386,    [     0.498],    16.143
 0.428,     0.498,    [     0.595],    20.176
 0.512,     0.583,    [     0.681],    25.036
 0.563,     0.641,    [     0.755],    30.532
 0.616,     0.670,    [     0.811],    36.482
 0.643,     0.688,    [     0.852],    42.240
 0.662,     0.692,    [     0.881],    47.186
 0.672,     0.693,    [     0.901],    51.323
 0.686,     0.701,    [     0.915],    54.902
 0.692,     0.708,    [     0.926],    57.508
 0.698,     0.708,    [     0.934],    60.017
 0.707,     0.714,    [     0.940],    62.086
 0.707,     0.709,    [     0.945],    63.756
 0.710,     0.713,    [     0.949],    65.332

 pctg,    rr,    α,    β
 0.600,     0.701,    [     0.949],    65.332

 pctg_inductive,    rr,    α,    β
 0.000,     0.395,    [     0.949],    65.332
 0.050,     0.525,    [     0.949],    65.332
 0.100,     0.593,    [     0.949],    65.332
 0.150,     0.609,    [     0.949],    65.332
 0.200,     0.626,    [     0.949],    65.332
 0.250,     0.632,    [     0.949],    65.332
 0.300,     0.656,    [     0.949],    65.332
 0.350,     0.651,    [     0.949],    65.332
 0.400,     0.694,    [     0.949],    65.332
 0.450,     0.689,    [     0.949],    65.332
 0.500,     0.688,    [     0.949],    65.332
 0.550,     0.694,    [     0.949],    65.332
 0.600,     0.710,    [     0.949],    65.332


seed_val:    7
-0.384,    -0.080,    [     0.708],     7.138
 0.091,     0.244,    [     0.710],    10.604
 0.347,     0.429,    [     0.720],    15.509
 0.459,     0.525,    [     0.749],    21.363
 0.531,     0.574,    [     0.789],    27.381
 0.576,     0.610,    [     0.829],    33.223
 0.608,     0.633,    [     0.863],    38.498
 0.628,     0.644,    [     0.889],    43.211
 0.641,     0.666,    [     0.909],    47.014
 0.658,     0.673,    [     0.923],    50.307
 0.670,     0.679,    [     0.933],    53.320
 0.675,     0.694,    [     0.940],    55.819
 0.682,     0.691,    [     0.946],    57.864
 0.688,     0.690,    [     0.951],    59.549
 0.690,     0.688,    [     0.954],    61.032

 pctg,    rr,    α,    β
 0.600,     0.669,    [     0.954],    61.032

 pctg_inductive,    rr,    α,    β
 0.000,     0.354,    [     0.954],    61.032
 0.050,     0.510,    [     0.954],    61.032
 0.100,     0.576,    [     0.954],    61.032
 0.150,     0.626,    [     0.954],    61.032
 0.200,     0.650,    [     0.954],    61.032
 0.250,     0.640,    [     0.954],    61.032
 0.300,     0.667,    [     0.954],    61.032
 0.350,     0.687,    [     0.954],    61.032
 0.400,     0.676,    [     0.954],    61.032
 0.450,     0.699,    [     0.954],    61.032
 0.500,     0.682,    [     0.954],    61.032
 0.550,     0.702,    [     0.954],    61.032
 0.600,     0.705,    [     0.954],    61.032


seed_val:    8
 0.089,     0.199,    [     0.471],    12.450
 0.341,     0.436,    [     0.564],    16.096
 0.449,     0.536,    [     0.647],    21.037
 0.522,     0.599,    [     0.730],    26.496
 0.574,     0.644,    [     0.797],    32.384
 0.612,     0.670,    [     0.846],    38.207
 0.638,     0.682,    [     0.880],    43.487
 0.660,     0.697,    [     0.903],    48.549
 0.673,     0.710,    [     0.919],    52.597
 0.686,     0.711,    [     0.930],    56.219
 0.694,     0.713,    [     0.938],    59.101
 0.699,     0.716,    [     0.945],    61.390
 0.704,     0.719,    [     0.949],    63.474
 0.709,     0.720,    [     0.952],    65.145
 0.719,     0.723,    [     0.955],    66.406

 pctg,    rr,    α,    β
 0.600,     0.652,    [     0.955],    66.406

 pctg_inductive,    rr,    α,    β
 0.000,     0.395,    [     0.955],    66.406
 0.050,     0.495,    [     0.955],    66.406
 0.100,     0.559,    [     0.955],    66.406
 0.150,     0.599,    [     0.955],    66.406
 0.200,     0.635,    [     0.955],    66.406
 0.250,     0.649,    [     0.955],    66.406
 0.300,     0.658,    [     0.955],    66.406
 0.350,     0.651,    [     0.955],    66.406
 0.400,     0.662,    [     0.955],    66.406
 0.450,     0.678,    [     0.955],    66.406
 0.500,     0.659,    [     0.955],    66.406
 0.550,     0.712,    [     0.955],    66.406
 0.600,     0.682,    [     0.955],    66.406


seed_val:    9
 0.032,     0.129,    [     0.564],    10.742
 0.322,     0.391,    [     0.607],    15.079
 0.445,     0.477,    [     0.660],    20.564
 0.518,     0.526,    [     0.724],    26.304
 0.573,     0.568,    [     0.781],    32.187
 0.612,     0.596,    [     0.828],    38.143
 0.638,     0.618,    [     0.861],    43.743
 0.661,     0.632,    [     0.885],    48.703
 0.674,     0.639,    [     0.904],    52.902
 0.683,     0.647,    [     0.917],    56.424
 0.690,     0.655,    [     0.928],    59.267
 0.698,     0.664,    [     0.935],    62.015
 0.703,     0.655,    [     0.942],    64.270
 0.704,     0.663,    [     0.946],    66.591
 0.716,     0.657,    [     0.950],    68.543

 pctg,    rr,    α,    β
 0.600,     0.707,    [     0.950],    68.543

 pctg_inductive,    rr,    α,    β
 0.000,     0.358,    [     0.950],    68.543
 0.050,     0.501,    [     0.950],    68.543
 0.100,     0.560,    [     0.950],    68.543
 0.150,     0.574,    [     0.950],    68.543
 0.200,     0.622,    [     0.950],    68.543
 0.250,     0.637,    [     0.950],    68.543
 0.300,     0.630,    [     0.950],    68.543
 0.350,     0.670,    [     0.950],    68.543
 0.400,     0.652,    [     0.950],    68.543
 0.450,     0.680,    [     0.950],    68.543
 0.500,     0.688,    [     0.950],    68.543
 0.550,     0.702,    [     0.950],    68.543
 0.600,     0.679,    [     0.950],    68.543


seed_val:    10
 0.193,     0.292,    [     0.452],    13.806
 0.382,     0.428,    [     0.542],    17.117
 0.475,     0.507,    [     0.619],    21.466
 0.552,     0.579,    [     0.693],    26.544
 0.604,     0.615,    [     0.758],    32.252
 0.637,     0.653,    [     0.810],    37.850
 0.659,     0.673,    [     0.848],    43.119
 0.677,     0.679,    [     0.877],    47.864
 0.695,     0.689,    [     0.897],    52.114
 0.703,     0.699,    [     0.911],    55.772
 0.713,     0.703,    [     0.922],    58.848
 0.718,     0.702,    [     0.930],    61.566
 0.719,     0.705,    [     0.936],    63.563
 0.728,     0.699,    [     0.941],    65.482
 0.734,     0.699,    [     0.944],    67.044

 pctg,    rr,    α,    β
 0.600,     0.687,    [     0.944],    67.044

 pctg_inductive,    rr,    α,    β
 0.000,     0.397,    [     0.944],    67.044
 0.050,     0.512,    [     0.944],    67.044
 0.100,     0.570,    [     0.944],    67.044
 0.150,     0.596,    [     0.944],    67.044
 0.200,     0.621,    [     0.944],    67.044
 0.250,     0.644,    [     0.944],    67.044
 0.300,     0.661,    [     0.944],    67.044
 0.350,     0.664,    [     0.944],    67.044
 0.400,     0.673,    [     0.944],    67.044
 0.450,     0.686,    [     0.944],    67.044
 0.500,     0.679,    [     0.944],    67.044
 0.550,     0.703,    [     0.944],    67.044
 0.600,     0.695,    [     0.944],    67.044

 trans: county_election_2012,     0.691 ±  0.024
 α, β: [     0.951] ± [     0.006], 66.525 ±  2.991
 ind: county_election_2016,    [     0.387,      0.513,      0.569,      0.600,      0.619,      0.645,      0.655,      0.665,      0.667,      0.682,      0.683,      0.692,      0.693] ± [     0.030,      0.020,      0.017,      0.017,      0.021,      0.013,      0.012,      0.011,      0.016,      0.010,      0.014,      0.014,      0.014]
