

seed_val:    1
(T=1.0) Metropolis ended with magnetization 0.026938775510204082 after 1000000 iterations
 0.601,     0.563,    [     0.000],    20.086
 0.608,     0.547,    [     0.000],    20.086
 0.596,     0.571,    [     0.000],    20.086
 0.608,     0.580,    [     0.000],    20.086
 0.615,     0.576,    [     0.000],    20.086
 0.642,     0.596,    [     0.000],    20.086
 0.663,     0.584,    [     0.000],    20.086
 0.650,     0.596,    [     0.000],    20.086
 0.634,     0.608,    [     0.000],    20.086
 0.665,     0.624,    [     0.000],    20.086
 0.653,     0.604,    [     0.000],    20.086
 0.667,     0.629,    [     0.000],    20.086
 0.675,     0.641,    [     0.000],    20.086
 0.688,     0.649,    [     0.000],    20.086
 0.686,     0.669,    [     0.000],    20.086

 pctg,    rr,    α,    β
 0.600,     0.657,    [     0.000],    20.086
(T=1.0) Metropolis ended with magnetization 0.026938775510204082 after 1000000 iterations

 pctg_inductive,    rr,    α,    β
 0.000,     0.677,    [     0.000],    20.086
 0.661,     0.680,    [     0.000],    20.086
 0.645,     0.680,    [     0.000],    20.086
 0.726,     0.697,    [     0.000],    20.086
 0.742,     0.685,    [     0.000],    20.086
 0.645,     0.670,    [     0.000],    20.086
 0.050,     0.662,    [     0.000],    20.086
 0.724,     0.608,    [     0.000],    20.086
 0.683,     0.601,    [     0.000],    20.086
 0.740,     0.608,    [     0.000],    20.086
 0.699,     0.601,    [     0.000],    20.086
 0.732,     0.610,    [     0.000],    20.086
 0.100,     0.640,    [     0.000],    20.086
 0.668,     0.662,    [     0.000],    20.086
 0.685,     0.660,    [     0.000],    20.086
 0.701,     0.650,    [     0.000],    20.086
 0.696,     0.650,    [     0.000],    20.086
 0.685,     0.658,    [     0.000],    20.086
 0.150,     0.646,    [     0.000],    20.086
 0.682,     0.698,    [     0.000],    20.086
 0.682,     0.686,    [     0.000],    20.086
 0.682,     0.684,    [     0.000],    20.086
 0.686,     0.680,    [     0.000],    20.086
 0.694,     0.682,    [     0.000],    20.086
 0.200,     0.668,    [     0.000],    20.086
 0.678,     0.708,    [     0.000],    20.086
 0.674,     0.704,    [     0.000],    20.086
 0.700,     0.688,    [     0.000],    20.086
 0.681,     0.708,    [     0.000],    20.086
 0.691,     0.708,    [     0.000],    20.086
 0.250,     0.671,    [     0.000],    20.086
 0.704,     0.664,    [     0.000],    20.086
 0.704,     0.647,    [     0.000],    20.086
 0.704,     0.664,    [     0.000],    20.086
 0.709,     0.671,    [     0.000],    20.086
 0.696,     0.661,    [     0.000],    20.086
 0.300,     0.660,    [     0.000],    20.086
 0.688,     0.681,    [     0.000],    20.086
 0.692,     0.678,    [     0.000],    20.086
 0.692,     0.676,    [     0.000],    20.086
 0.690,     0.678,    [     0.000],    20.086
 0.685,     0.678,    [     0.000],    20.086
 0.350,     0.680,    [     0.000],    20.086
 0.671,     0.676,    [     0.000],    20.086
 0.663,     0.668,    [     0.000],    20.086
 0.678,     0.689,    [     0.000],    20.086
 0.678,     0.670,    [     0.000],    20.086
 0.673,     0.687,    [     0.000],    20.086
 0.400,     0.690,    [     0.000],    20.086
 0.694,     0.640,    [     0.000],    20.086
 0.696,     0.649,    [     0.000],    20.086
 0.701,     0.643,    [     0.000],    20.086
 0.690,     0.655,    [     0.000],    20.086
 0.697,     0.634,    [     0.000],    20.086
 0.450,     0.654,    [     0.000],    20.086
 0.684,     0.670,    [     0.000],    20.086
 0.687,     0.670,    [     0.000],    20.086
 0.685,     0.676,    [     0.000],    20.086
 0.692,     0.663,    [     0.000],    20.086
 0.690,     0.673,    [     0.000],    20.086
 0.500,     0.676,    [     0.000],    20.086
 0.688,     0.658,    [     0.000],    20.086
 0.703,     0.665,    [     0.000],    20.086
 0.688,     0.691,    [     0.000],    20.086
 0.700,     0.684,    [     0.000],    20.086
 0.703,     0.669,    [     0.000],    20.086
 0.550,     0.666,    [     0.000],    20.086
 0.678,     0.694,    [     0.000],    20.086
 0.684,     0.698,    [     0.000],    20.086
 0.684,     0.690,    [     0.000],    20.086
 0.675,     0.682,    [     0.000],    20.086
 0.687,     0.694,    [     0.000],    20.086
 0.600,     0.694,    [     0.000],    20.086


seed_val:    2
(T=1.0) Metropolis ended with magnetization 0.2163265306122449 after 1000000 iterations
 0.612,     0.649,    [     0.000],    20.086
 0.642,     0.673,    [     0.000],    20.086
 0.649,     0.678,    [     0.000],    20.086
 0.649,     0.673,    [     0.000],    20.086
 0.639,     0.665,    [     0.000],    20.086
 0.634,     0.669,    [     0.000],    20.086
 0.639,     0.673,    [     0.000],    20.086
 0.645,     0.678,    [     0.000],    20.086
 0.645,     0.661,    [     0.000],    20.086
 0.648,     0.682,    [     0.000],    20.086
 0.652,     0.690,    [     0.000],    20.086
 0.657,     0.669,    [     0.000],    20.086
 0.661,     0.673,    [     0.000],    20.086
 0.668,     0.678,    [     0.000],    20.086
 0.668,     0.673,    [     0.000],    20.086

 pctg,    rr,    α,    β
 0.600,     0.690,    [     0.000],    20.086
(T=1.0) Metropolis ended with magnetization 0.2163265306122449 after 1000000 iterations

 pctg_inductive,    rr,    α,    β
 0.000,     0.673,    [     0.000],    20.086
 0.710,     0.657,    [     0.000],    20.086
 0.726,     0.639,    [     0.000],    20.086
 0.726,     0.635,    [     0.000],    20.086
 0.726,     0.642,    [     0.000],    20.086
 0.742,     0.639,    [     0.000],    20.086
 0.050,     0.637,    [     0.000],    20.086
 0.724,     0.650,    [     0.000],    20.086
 0.756,     0.653,    [     0.000],    20.086
 0.724,     0.648,    [     0.000],    20.086
 0.724,     0.659,    [     0.000],    20.086
 0.740,     0.655,    [     0.000],    20.086
 0.100,     0.667,    [     0.000],    20.086
 0.679,     0.681,    [     0.000],    20.086
 0.690,     0.671,    [     0.000],    20.086
 0.674,     0.673,    [     0.000],    20.086
 0.679,     0.688,    [     0.000],    20.086
 0.701,     0.696,    [     0.000],    20.086
 0.150,     0.661,    [     0.000],    20.086
 0.673,     0.671,    [     0.000],    20.086
 0.673,     0.688,    [     0.000],    20.086
 0.653,     0.671,    [     0.000],    20.086
 0.657,     0.669,    [     0.000],    20.086
 0.661,     0.684,    [     0.000],    20.086
 0.200,     0.673,    [     0.000],    20.086
 0.730,     0.627,    [     0.000],    20.086
 0.730,     0.630,    [     0.000],    20.086
 0.730,     0.636,    [     0.000],    20.086
 0.730,     0.632,    [     0.000],    20.086
 0.726,     0.634,    [     0.000],    20.086
 0.250,     0.646,    [     0.000],    20.086
 0.655,     0.680,    [     0.000],    20.086
 0.658,     0.675,    [     0.000],    20.086
 0.655,     0.661,    [     0.000],    20.086
 0.655,     0.659,    [     0.000],    20.086
 0.663,     0.680,    [     0.000],    20.086
 0.300,     0.674,    [     0.000],    20.086
 0.681,     0.663,    [     0.000],    20.086
 0.671,     0.668,    [     0.000],    20.086
 0.664,     0.681,    [     0.000],    20.086
 0.676,     0.658,    [     0.000],    20.086
 0.690,     0.661,    [     0.000],    20.086
 0.350,     0.662,    [     0.000],    20.086
 0.680,     0.654,    [     0.000],    20.086
 0.682,     0.649,    [     0.000],    20.086
 0.682,     0.654,    [     0.000],    20.086
 0.686,     0.654,    [     0.000],    20.086
 0.690,     0.662,    [     0.000],    20.086
 0.400,     0.646,    [     0.000],    20.086
 0.638,     0.679,    [     0.000],    20.086
 0.647,     0.673,    [     0.000],    20.086
 0.652,     0.682,    [     0.000],    20.086
 0.647,     0.661,    [     0.000],    20.086
 0.654,     0.673,    [     0.000],    20.086
 0.450,     0.682,    [     0.000],    20.086
 0.657,     0.654,    [     0.000],    20.086
 0.682,     0.660,    [     0.000],    20.086
 0.675,     0.654,    [     0.000],    20.086
 0.669,     0.654,    [     0.000],    20.086
 0.672,     0.660,    [     0.000],    20.086
 0.500,     0.655,    [     0.000],    20.086
 0.663,     0.665,    [     0.000],    20.086
 0.665,     0.651,    [     0.000],    20.086
 0.669,     0.658,    [     0.000],    20.086
 0.671,     0.658,    [     0.000],    20.086
 0.666,     0.662,    [     0.000],    20.086
 0.550,     0.662,    [     0.000],    20.086
 0.663,     0.633,    [     0.000],    20.086
 0.671,     0.637,    [     0.000],    20.086
 0.668,     0.624,    [     0.000],    20.086
 0.667,     0.629,    [     0.000],    20.086
 0.671,     0.641,    [     0.000],    20.086
 0.600,     0.661,    [     0.000],    20.086


seed_val:    3
(T=1.0) Metropolis ended with magnetization 0.1346938775510204 after 1000000 iterations
 0.626,     0.661,    [     0.000],    20.086
 0.682,     0.682,    [     0.000],    20.086
 0.687,     0.669,    [     0.000],    20.086
 0.698,     0.686,    [     0.000],    20.086
 0.705,     0.678,    [     0.000],    20.086
 0.682,     0.698,    [     0.000],    20.086
 0.698,     0.686,    [     0.000],    20.086
 0.695,     0.694,    [     0.000],    20.086
 0.710,     0.694,    [     0.000],    20.086
 0.709,     0.702,    [     0.000],    20.086
 0.693,     0.694,    [     0.000],    20.086
 0.703,     0.714,    [     0.000],    20.086
 0.693,     0.710,    [     0.000],    20.086
 0.693,     0.706,    [     0.000],    20.086
 0.707,     0.698,    [     0.000],    20.086

 pctg,    rr,    α,    β
 0.600,     0.653,    [     0.000],    20.086
(T=1.0) Metropolis ended with magnetization 0.1346938775510204 after 1000000 iterations

 pctg_inductive,    rr,    α,    β
 0.000,     0.695,    [     0.000],    20.086
 0.645,     0.671,    [     0.000],    20.086
 0.726,     0.676,    [     0.000],    20.086
 0.661,     0.675,    [     0.000],    20.086
 0.645,     0.673,    [     0.000],    20.086
 0.710,     0.670,    [     0.000],    20.086
 0.050,     0.689,    [     0.000],    20.086
 0.691,     0.710,    [     0.000],    20.086
 0.675,     0.708,    [     0.000],    20.086
 0.699,     0.715,    [     0.000],    20.086
 0.707,     0.717,    [     0.000],    20.086
 0.699,     0.681,    [     0.000],    20.086
 0.100,     0.672,    [     0.000],    20.086
 0.701,     0.721,    [     0.000],    20.086
 0.679,     0.715,    [     0.000],    20.086
 0.690,     0.717,    [     0.000],    20.086
 0.696,     0.696,    [     0.000],    20.086
 0.690,     0.688,    [     0.000],    20.086
 0.150,     0.673,    [     0.000],    20.086
 0.710,     0.678,    [     0.000],    20.086
 0.706,     0.696,    [     0.000],    20.086
 0.710,     0.688,    [     0.000],    20.086
 0.714,     0.690,    [     0.000],    20.086
 0.710,     0.698,    [     0.000],    20.086
 0.200,     0.694,    [     0.000],    20.086
 0.713,     0.669,    [     0.000],    20.086
 0.713,     0.664,    [     0.000],    20.086
 0.717,     0.667,    [     0.000],    20.086
 0.713,     0.662,    [     0.000],    20.086
 0.710,     0.671,    [     0.000],    20.086
 0.250,     0.681,    [     0.000],    20.086
 0.690,     0.668,    [     0.000],    20.086
 0.698,     0.664,    [     0.000],    20.086
 0.701,     0.671,    [     0.000],    20.086
 0.685,     0.668,    [     0.000],    20.086
 0.701,     0.657,    [     0.000],    20.086
 0.300,     0.683,    [     0.000],    20.086
 0.716,     0.641,    [     0.000],    20.086
 0.725,     0.658,    [     0.000],    20.086
 0.725,     0.638,    [     0.000],    20.086
 0.720,     0.651,    [     0.000],    20.086
 0.720,     0.646,    [     0.000],    20.086
 0.350,     0.666,    [     0.000],    20.086
 0.676,     0.725,    [     0.000],    20.086
 0.684,     0.722,    [     0.000],    20.086
 0.686,     0.717,    [     0.000],    20.086
 0.678,     0.714,    [     0.000],    20.086
 0.678,     0.708,    [     0.000],    20.086
 0.400,     0.691,    [     0.000],    20.086
 0.705,     0.688,    [     0.000],    20.086
 0.705,     0.705,    [     0.000],    20.086
 0.697,     0.705,    [     0.000],    20.086
 0.696,     0.688,    [     0.000],    20.086
 0.678,     0.685,    [     0.000],    20.086
 0.450,     0.678,    [     0.000],    20.086
 0.688,     0.706,    [     0.000],    20.086
 0.682,     0.683,    [     0.000],    20.086
 0.687,     0.680,    [     0.000],    20.086
 0.697,     0.703,    [     0.000],    20.086
 0.693,     0.696,    [     0.000],    20.086
 0.500,     0.701,    [     0.000],    20.086
 0.711,     0.655,    [     0.000],    20.086
 0.715,     0.655,    [     0.000],    20.086
 0.708,     0.658,    [     0.000],    20.086
 0.714,     0.658,    [     0.000],    20.086
 0.708,     0.662,    [     0.000],    20.086
 0.550,     0.668,    [     0.000],    20.086
 0.687,     0.722,    [     0.000],    20.086
 0.683,     0.714,    [     0.000],    20.086
 0.691,     0.722,    [     0.000],    20.086
 0.698,     0.718,    [     0.000],    20.086
 0.682,     0.718,    [     0.000],    20.086
 0.600,     0.700,    [     0.000],    20.086


seed_val:    4
(T=1.0) Metropolis ended with magnetization 0.025306122448979593 after 1000000 iterations
 0.622,     0.629,    [     0.000],    20.086
 0.660,     0.649,    [     0.000],    20.086
 0.668,     0.657,    [     0.000],    20.086
 0.671,     0.665,    [     0.000],    20.086
 0.688,     0.669,    [     0.000],    20.086
 0.684,     0.665,    [     0.000],    20.086
 0.693,     0.665,    [     0.000],    20.086
 0.686,     0.657,    [     0.000],    20.086
 0.687,     0.653,    [     0.000],    20.086
 0.688,     0.661,    [     0.000],    20.086
 0.690,     0.665,    [     0.000],    20.086
 0.714,     0.673,    [     0.000],    20.086
 0.703,     0.669,    [     0.000],    20.086
 0.725,     0.678,    [     0.000],    20.086
 0.727,     0.673,    [     0.000],    20.086

 pctg,    rr,    α,    β
 0.600,     0.669,    [     0.000],    20.086
(T=1.0) Metropolis ended with magnetization 0.025306122448979593 after 1000000 iterations

 pctg_inductive,    rr,    α,    β
 0.000,     0.704,    [     0.000],    20.086
 0.758,     0.702,    [     0.000],    20.086
 0.790,     0.690,    [     0.000],    20.086
 0.839,     0.706,    [     0.000],    20.086
 0.839,     0.690,    [     0.000],    20.086
 0.839,     0.701,    [     0.000],    20.086
 0.050,     0.701,    [     0.000],    20.086
 0.715,     0.672,    [     0.000],    20.086
 0.715,     0.673,    [     0.000],    20.086
 0.748,     0.675,    [     0.000],    20.086
 0.756,     0.675,    [     0.000],    20.086
 0.724,     0.672,    [     0.000],    20.086
 0.100,     0.696,    [     0.000],    20.086
 0.739,     0.708,    [     0.000],    20.086
 0.734,     0.700,    [     0.000],    20.086
 0.734,     0.696,    [     0.000],    20.086
 0.745,     0.679,    [     0.000],    20.086
 0.707,     0.667,    [     0.000],    20.086
 0.150,     0.664,    [     0.000],    20.086
 0.678,     0.722,    [     0.000],    20.086
 0.698,     0.712,    [     0.000],    20.086
 0.698,     0.720,    [     0.000],    20.086
 0.710,     0.702,    [     0.000],    20.086
 0.710,     0.700,    [     0.000],    20.086
 0.200,     0.703,    [     0.000],    20.086
 0.684,     0.693,    [     0.000],    20.086
 0.704,     0.695,    [     0.000],    20.086
 0.704,     0.688,    [     0.000],    20.086
 0.713,     0.691,    [     0.000],    20.086
 0.707,     0.684,    [     0.000],    20.086
 0.250,     0.697,    [     0.000],    20.086
 0.709,     0.720,    [     0.000],    20.086
 0.726,     0.708,    [     0.000],    20.086
 0.734,     0.692,    [     0.000],    20.086
 0.739,     0.682,    [     0.000],    20.086
 0.731,     0.706,    [     0.000],    20.086
 0.300,     0.697,    [     0.000],    20.086
 0.711,     0.714,    [     0.000],    20.086
 0.688,     0.698,    [     0.000],    20.086
 0.702,     0.701,    [     0.000],    20.086
 0.711,     0.688,    [     0.000],    20.086
 0.713,     0.686,    [     0.000],    20.086
 0.350,     0.700,    [     0.000],    20.086
 0.735,     0.711,    [     0.000],    20.086
 0.727,     0.689,    [     0.000],    20.086
 0.739,     0.698,    [     0.000],    20.086
 0.718,     0.678,    [     0.000],    20.086
 0.727,     0.689,    [     0.000],    20.086
 0.400,     0.686,    [     0.000],    20.086
 0.743,     0.699,    [     0.000],    20.086
 0.734,     0.690,    [     0.000],    20.086
 0.730,     0.688,    [     0.000],    20.086
 0.730,     0.685,    [     0.000],    20.086
 0.728,     0.685,    [     0.000],    20.086
 0.450,     0.667,    [     0.000],    20.086
 0.732,     0.703,    [     0.000],    20.086
 0.731,     0.719,    [     0.000],    20.086
 0.742,     0.696,    [     0.000],    20.086
 0.746,     0.683,    [     0.000],    20.086
 0.736,     0.673,    [     0.000],    20.086
 0.500,     0.673,    [     0.000],    20.086
 0.711,     0.749,    [     0.000],    20.086
 0.697,     0.724,    [     0.000],    20.086
 0.723,     0.698,    [     0.000],    20.086
 0.714,     0.695,    [     0.000],    20.086
 0.720,     0.695,    [     0.000],    20.086
 0.550,     0.706,    [     0.000],    20.086
 0.717,     0.694,    [     0.000],    20.086
 0.716,     0.690,    [     0.000],    20.086
 0.722,     0.669,    [     0.000],    20.086
 0.729,     0.698,    [     0.000],    20.086
 0.729,     0.686,    [     0.000],    20.086
 0.600,     0.694,    [     0.000],    20.086


seed_val:    5
(T=1.0) Metropolis ended with magnetization 0.07755102040816327 after 1000000 iterations
 0.672,     0.629,    [     0.000],    20.086
 0.693,     0.641,    [     0.000],    20.086
 0.710,     0.669,    [     0.000],    20.086
 0.703,     0.665,    [     0.000],    20.086
 0.714,     0.665,    [     0.000],    20.086
 0.697,     0.653,    [     0.000],    20.086
 0.721,     0.669,    [     0.000],    20.086
 0.720,     0.669,    [     0.000],    20.086
 0.720,     0.665,    [     0.000],    20.086
 0.720,     0.678,    [     0.000],    20.086
 0.724,     0.669,    [     0.000],    20.086
 0.728,     0.690,    [     0.000],    20.086
 0.722,     0.673,    [     0.000],    20.086
 0.739,     0.690,    [     0.000],    20.086
 0.748,     0.718,    [     0.000],    20.086

 pctg,    rr,    α,    β
 0.600,     0.735,    [     0.000],    20.086
(T=1.0) Metropolis ended with magnetization 0.07755102040816327 after 1000000 iterations

 pctg_inductive,    rr,    α,    β
 0.000,     0.740,    [     0.000],    20.086
 0.710,     0.730,    [     0.000],    20.086
 0.758,     0.714,    [     0.000],    20.086
 0.806,     0.704,    [     0.000],    20.086
 0.790,     0.697,    [     0.000],    20.086
 0.774,     0.694,    [     0.000],    20.086
 0.050,     0.698,    [     0.000],    20.086
 0.707,     0.699,    [     0.000],    20.086
 0.732,     0.688,    [     0.000],    20.086
 0.707,     0.682,    [     0.000],    20.086
 0.707,     0.670,    [     0.000],    20.086
 0.748,     0.690,    [     0.000],    20.086
 0.100,     0.677,    [     0.000],    20.086
 0.772,     0.698,    [     0.000],    20.086
 0.783,     0.700,    [     0.000],    20.086
 0.777,     0.685,    [     0.000],    20.086
 0.804,     0.694,    [     0.000],    20.086
 0.783,     0.667,    [     0.000],    20.086
 0.150,     0.678,    [     0.000],    20.086
 0.731,     0.712,    [     0.000],    20.086
 0.731,     0.722,    [     0.000],    20.086
 0.727,     0.720,    [     0.000],    20.086
 0.731,     0.714,    [     0.000],    20.086
 0.735,     0.714,    [     0.000],    20.086
 0.200,     0.732,    [     0.000],    20.086
 0.726,     0.706,    [     0.000],    20.086
 0.736,     0.715,    [     0.000],    20.086
 0.730,     0.706,    [     0.000],    20.086
 0.743,     0.706,    [     0.000],    20.086
 0.746,     0.699,    [     0.000],    20.086
 0.250,     0.725,    [     0.000],    20.086
 0.731,     0.713,    [     0.000],    20.086
 0.731,     0.713,    [     0.000],    20.086
 0.728,     0.696,    [     0.000],    20.086
 0.734,     0.715,    [     0.000],    20.086
 0.726,     0.706,    [     0.000],    20.086
 0.300,     0.729,    [     0.000],    20.086
 0.741,     0.726,    [     0.000],    20.086
 0.737,     0.696,    [     0.000],    20.086
 0.737,     0.714,    [     0.000],    20.086
 0.734,     0.716,    [     0.000],    20.086
 0.739,     0.716,    [     0.000],    20.086
 0.350,     0.705,    [     0.000],    20.086
 0.751,     0.711,    [     0.000],    20.086
 0.743,     0.725,    [     0.000],    20.086
 0.757,     0.708,    [     0.000],    20.086
 0.763,     0.698,    [     0.000],    20.086
 0.753,     0.714,    [     0.000],    20.086
 0.400,     0.718,    [     0.000],    20.086
 0.708,     0.744,    [     0.000],    20.086
 0.732,     0.756,    [     0.000],    20.086
 0.748,     0.741,    [     0.000],    20.086
 0.725,     0.762,    [     0.000],    20.086
 0.737,     0.750,    [     0.000],    20.086
 0.450,     0.730,    [     0.000],    20.086
 0.726,     0.709,    [     0.000],    20.086
 0.744,     0.732,    [     0.000],    20.086
 0.741,     0.716,    [     0.000],    20.086
 0.746,     0.719,    [     0.000],    20.086
 0.742,     0.712,    [     0.000],    20.086
 0.500,     0.701,    [     0.000],    20.086
 0.712,     0.727,    [     0.000],    20.086
 0.715,     0.749,    [     0.000],    20.086
 0.715,     0.749,    [     0.000],    20.086
 0.714,     0.724,    [     0.000],    20.086
 0.728,     0.745,    [     0.000],    20.086
 0.550,     0.735,    [     0.000],    20.086
 0.746,     0.678,    [     0.000],    20.086
 0.737,     0.669,    [     0.000],    20.086
 0.743,     0.678,    [     0.000],    20.086
 0.744,     0.690,    [     0.000],    20.086
 0.741,     0.682,    [     0.000],    20.086
 0.600,     0.733,    [     0.000],    20.086


seed_val:    6
(T=1.0) Metropolis ended with magnetization 0.005714285714285714 after 1000000 iterations
 0.586,     0.571,    [     0.000],    20.086
 0.596,     0.608,    [     0.000],    20.086
 0.611,     0.604,    [     0.000],    20.086
 0.612,     0.592,    [     0.000],    20.086
 0.627,     0.604,    [     0.000],    20.086
 0.634,     0.588,    [     0.000],    20.086
 0.634,     0.612,    [     0.000],    20.086
 0.639,     0.629,    [     0.000],    20.086
 0.634,     0.616,    [     0.000],    20.086
 0.642,     0.616,    [     0.000],    20.086
 0.639,     0.616,    [     0.000],    20.086
 0.646,     0.624,    [     0.000],    20.086
 0.654,     0.624,    [     0.000],    20.086
 0.649,     0.612,    [     0.000],    20.086
 0.644,     0.608,    [     0.000],    20.086

 pctg,    rr,    α,    β
 0.600,     0.633,    [     0.000],    20.086
(T=1.0) Metropolis ended with magnetization 0.005714285714285714 after 1000000 iterations

 pctg_inductive,    rr,    α,    β
 0.000,     0.634,    [     0.000],    20.086
 0.597,     0.620,    [     0.000],    20.086
 0.613,     0.623,    [     0.000],    20.086
 0.581,     0.630,    [     0.000],    20.086
 0.597,     0.606,    [     0.000],    20.086
 0.629,     0.609,    [     0.000],    20.086
 0.050,     0.602,    [     0.000],    20.086
 0.683,     0.635,    [     0.000],    20.086
 0.667,     0.633,    [     0.000],    20.086
 0.691,     0.630,    [     0.000],    20.086
 0.683,     0.635,    [     0.000],    20.086
 0.667,     0.624,    [     0.000],    20.086
 0.100,     0.617,    [     0.000],    20.086
 0.696,     0.635,    [     0.000],    20.086
 0.701,     0.640,    [     0.000],    20.086
 0.679,     0.631,    [     0.000],    20.086
 0.701,     0.623,    [     0.000],    20.086
 0.717,     0.623,    [     0.000],    20.086
 0.150,     0.621,    [     0.000],    20.086
 0.645,     0.602,    [     0.000],    20.086
 0.649,     0.602,    [     0.000],    20.086
 0.637,     0.604,    [     0.000],    20.086
 0.641,     0.614,    [     0.000],    20.086
 0.624,     0.600,    [     0.000],    20.086
 0.200,     0.622,    [     0.000],    20.086
 0.687,     0.597,    [     0.000],    20.086
 0.710,     0.590,    [     0.000],    20.086
 0.700,     0.599,    [     0.000],    20.086
 0.697,     0.590,    [     0.000],    20.086
 0.694,     0.586,    [     0.000],    20.086
 0.250,     0.584,    [     0.000],    20.086
 0.671,     0.638,    [     0.000],    20.086
 0.668,     0.647,    [     0.000],    20.086
 0.663,     0.645,    [     0.000],    20.086
 0.668,     0.643,    [     0.000],    20.086
 0.671,     0.640,    [     0.000],    20.086
 0.300,     0.621,    [     0.000],    20.086
 0.662,     0.631,    [     0.000],    20.086
 0.657,     0.621,    [     0.000],    20.086
 0.667,     0.628,    [     0.000],    20.086
 0.683,     0.623,    [     0.000],    20.086
 0.664,     0.621,    [     0.000],    20.086
 0.350,     0.626,    [     0.000],    20.086
 0.610,     0.646,    [     0.000],    20.086
 0.622,     0.654,    [     0.000],    20.086
 0.624,     0.635,    [     0.000],    20.086
 0.627,     0.643,    [     0.000],    20.086
 0.631,     0.629,    [     0.000],    20.086
 0.400,     0.637,    [     0.000],    20.086
 0.612,     0.673,    [     0.000],    20.086
 0.623,     0.682,    [     0.000],    20.086
 0.627,     0.667,    [     0.000],    20.086
 0.629,     0.661,    [     0.000],    20.086
 0.614,     0.676,    [     0.000],    20.086
 0.450,     0.648,    [     0.000],    20.086
 0.648,     0.644,    [     0.000],    20.086
 0.654,     0.644,    [     0.000],    20.086
 0.641,     0.631,    [     0.000],    20.086
 0.641,     0.644,    [     0.000],    20.086
 0.646,     0.654,    [     0.000],    20.086
 0.500,     0.641,    [     0.000],    20.086
 0.644,     0.593,    [     0.000],    20.086
 0.641,     0.589,    [     0.000],    20.086
 0.642,     0.604,    [     0.000],    20.086
 0.639,     0.604,    [     0.000],    20.086
 0.648,     0.593,    [     0.000],    20.086
 0.550,     0.621,    [     0.000],    20.086
 0.637,     0.649,    [     0.000],    20.086
 0.635,     0.637,    [     0.000],    20.086
 0.652,     0.645,    [     0.000],    20.086
 0.646,     0.645,    [     0.000],    20.086
 0.648,     0.645,    [     0.000],    20.086
 0.600,     0.627,    [     0.000],    20.086


seed_val:    7
(T=1.0) Metropolis ended with magnetization 0.017142857142857144 after 1000000 iterations
 0.646,     0.686,    [     0.000],    20.086
 0.646,     0.702,    [     0.000],    20.086
 0.660,     0.702,    [     0.000],    20.086
 0.656,     0.661,    [     0.000],    20.086
 0.650,     0.653,    [     0.000],    20.086
 0.653,     0.665,    [     0.000],    20.086
 0.663,     0.682,    [     0.000],    20.086
 0.657,     0.665,    [     0.000],    20.086
 0.656,     0.661,    [     0.000],    20.086
 0.657,     0.665,    [     0.000],    20.086
 0.653,     0.678,    [     0.000],    20.086
 0.652,     0.669,    [     0.000],    20.086
 0.667,     0.678,    [     0.000],    20.086
 0.672,     0.669,    [     0.000],    20.086
 0.650,     0.669,    [     0.000],    20.086

 pctg,    rr,    α,    β
 0.600,     0.653,    [     0.000],    20.086
(T=1.0) Metropolis ended with magnetization 0.017142857142857144 after 1000000 iterations

 pctg_inductive,    rr,    α,    β
 0.000,     0.655,    [     0.000],    20.086
 0.710,     0.639,    [     0.000],    20.086
 0.710,     0.642,    [     0.000],    20.086
 0.694,     0.645,    [     0.000],    20.086
 0.726,     0.633,    [     0.000],    20.086
 0.742,     0.635,    [     0.000],    20.086
 0.050,     0.660,    [     0.000],    20.086
 0.667,     0.652,    [     0.000],    20.086
 0.691,     0.657,    [     0.000],    20.086
 0.691,     0.675,    [     0.000],    20.086
 0.675,     0.659,    [     0.000],    20.086
 0.683,     0.662,    [     0.000],    20.086
 0.100,     0.659,    [     0.000],    20.086
 0.701,     0.662,    [     0.000],    20.086
 0.690,     0.663,    [     0.000],    20.086
 0.690,     0.663,    [     0.000],    20.086
 0.685,     0.660,    [     0.000],    20.086
 0.696,     0.652,    [     0.000],    20.086
 0.150,     0.665,    [     0.000],    20.086
 0.686,     0.655,    [     0.000],    20.086
 0.678,     0.669,    [     0.000],    20.086
 0.682,     0.680,    [     0.000],    20.086
 0.673,     0.678,    [     0.000],    20.086
 0.682,     0.673,    [     0.000],    20.086
 0.200,     0.665,    [     0.000],    20.086
 0.642,     0.647,    [     0.000],    20.086
 0.651,     0.647,    [     0.000],    20.086
 0.664,     0.654,    [     0.000],    20.086
 0.648,     0.643,    [     0.000],    20.086
 0.651,     0.645,    [     0.000],    20.086
 0.250,     0.666,    [     0.000],    20.086
 0.685,     0.652,    [     0.000],    20.086
 0.677,     0.661,    [     0.000],    20.086
 0.674,     0.666,    [     0.000],    20.086
 0.674,     0.675,    [     0.000],    20.086
 0.690,     0.673,    [     0.000],    20.086
 0.300,     0.662,    [     0.000],    20.086
 0.681,     0.681,    [     0.000],    20.086
 0.690,     0.681,    [     0.000],    20.086
 0.681,     0.653,    [     0.000],    20.086
 0.688,     0.666,    [     0.000],    20.086
 0.702,     0.661,    [     0.000],    20.086
 0.350,     0.658,    [     0.000],    20.086
 0.690,     0.692,    [     0.000],    20.086
 0.688,     0.687,    [     0.000],    20.086
 0.692,     0.703,    [     0.000],    20.086
 0.700,     0.692,    [     0.000],    20.086
 0.706,     0.700,    [     0.000],    20.086
 0.400,     0.661,    [     0.000],    20.086
 0.672,     0.634,    [     0.000],    20.086
 0.676,     0.640,    [     0.000],    20.086
 0.688,     0.658,    [     0.000],    20.086
 0.690,     0.652,    [     0.000],    20.086
 0.687,     0.646,    [     0.000],    20.086
 0.450,     0.660,    [     0.000],    20.086
 0.690,     0.631,    [     0.000],    20.086
 0.693,     0.627,    [     0.000],    20.086
 0.697,     0.631,    [     0.000],    20.086
 0.693,     0.627,    [     0.000],    20.086
 0.687,     0.637,    [     0.000],    20.086
 0.500,     0.654,    [     0.000],    20.086
 0.668,     0.655,    [     0.000],    20.086
 0.671,     0.655,    [     0.000],    20.086
 0.665,     0.658,    [     0.000],    20.086
 0.663,     0.665,    [     0.000],    20.086
 0.681,     0.662,    [     0.000],    20.086
 0.550,     0.657,    [     0.000],    20.086
 0.649,     0.673,    [     0.000],    20.086
 0.659,     0.665,    [     0.000],    20.086
 0.664,     0.669,    [     0.000],    20.086
 0.668,     0.649,    [     0.000],    20.086
 0.664,     0.678,    [     0.000],    20.086
 0.600,     0.682,    [     0.000],    20.086


seed_val:    8
(T=1.0) Metropolis ended with magnetization 0.03183673469387755 after 1000000 iterations
 0.586,     0.600,    [     0.000],    20.086
 0.586,     0.584,    [     0.000],    20.086
 0.608,     0.596,    [     0.000],    20.086
 0.652,     0.624,    [     0.000],    20.086
 0.644,     0.641,    [     0.000],    20.086
 0.669,     0.620,    [     0.000],    20.086
 0.660,     0.616,    [     0.000],    20.086
 0.653,     0.604,    [     0.000],    20.086
 0.642,     0.624,    [     0.000],    20.086
 0.682,     0.629,    [     0.000],    20.086
 0.683,     0.649,    [     0.000],    20.086
 0.686,     0.657,    [     0.000],    20.086
 0.690,     0.645,    [     0.000],    20.086
 0.684,     0.665,    [     0.000],    20.086
 0.688,     0.657,    [     0.000],    20.086

 pctg,    rr,    α,    β
 0.600,     0.706,    [     0.000],    20.086
(T=1.0) Metropolis ended with magnetization 0.03183673469387755 after 1000000 iterations

 pctg_inductive,    rr,    α,    β
 0.000,     0.686,    [     0.000],    20.086
 0.645,     0.682,    [     0.000],    20.086
 0.661,     0.661,    [     0.000],    20.086
 0.694,     0.654,    [     0.000],    20.086
 0.742,     0.649,    [     0.000],    20.086
 0.694,     0.632,    [     0.000],    20.086
 0.050,     0.634,    [     0.000],    20.086
 0.675,     0.661,    [     0.000],    20.086
 0.683,     0.659,    [     0.000],    20.086
 0.748,     0.639,    [     0.000],    20.086
 0.724,     0.633,    [     0.000],    20.086
 0.724,     0.615,    [     0.000],    20.086
 0.100,     0.622,    [     0.000],    20.086
 0.723,     0.669,    [     0.000],    20.086
 0.723,     0.665,    [     0.000],    20.086
 0.728,     0.673,    [     0.000],    20.086
 0.739,     0.662,    [     0.000],    20.086
 0.755,     0.677,    [     0.000],    20.086
 0.150,     0.656,    [     0.000],    20.086
 0.718,     0.673,    [     0.000],    20.086
 0.698,     0.678,    [     0.000],    20.086
 0.702,     0.659,    [     0.000],    20.086
 0.702,     0.671,    [     0.000],    20.086
 0.694,     0.655,    [     0.000],    20.086
 0.200,     0.666,    [     0.000],    20.086
 0.678,     0.658,    [     0.000],    20.086
 0.694,     0.673,    [     0.000],    20.086
 0.700,     0.673,    [     0.000],    20.086
 0.697,     0.667,    [     0.000],    20.086
 0.691,     0.658,    [     0.000],    20.086
 0.250,     0.650,    [     0.000],    20.086
 0.715,     0.631,    [     0.000],    20.086
 0.715,     0.643,    [     0.000],    20.086
 0.720,     0.636,    [     0.000],    20.086
 0.701,     0.659,    [     0.000],    20.086
 0.709,     0.640,    [     0.000],    20.086
 0.300,     0.658,    [     0.000],    20.086
 0.692,     0.701,    [     0.000],    20.086
 0.688,     0.681,    [     0.000],    20.086
 0.702,     0.673,    [     0.000],    20.086
 0.697,     0.678,    [     0.000],    20.086
 0.697,     0.683,    [     0.000],    20.086
 0.350,     0.678,    [     0.000],    20.086
 0.673,     0.684,    [     0.000],    20.086
 0.686,     0.706,    [     0.000],    20.086
 0.682,     0.668,    [     0.000],    20.086
 0.684,     0.668,    [     0.000],    20.086
 0.690,     0.689,    [     0.000],    20.086
 0.400,     0.679,    [     0.000],    20.086
 0.692,     0.646,    [     0.000],    20.086
 0.681,     0.634,    [     0.000],    20.086
 0.681,     0.646,    [     0.000],    20.086
 0.690,     0.622,    [     0.000],    20.086
 0.683,     0.631,    [     0.000],    20.086
 0.450,     0.654,    [     0.000],    20.086
 0.700,     0.637,    [     0.000],    20.086
 0.690,     0.595,    [     0.000],    20.086
 0.688,     0.595,    [     0.000],    20.086
 0.705,     0.605,    [     0.000],    20.086
 0.697,     0.585,    [     0.000],    20.086
 0.500,     0.644,    [     0.000],    20.086
 0.688,     0.669,    [     0.000],    20.086
 0.685,     0.651,    [     0.000],    20.086
 0.685,     0.669,    [     0.000],    20.086
 0.687,     0.691,    [     0.000],    20.086
 0.697,     0.658,    [     0.000],    20.086
 0.550,     0.679,    [     0.000],    20.086
 0.707,     0.645,    [     0.000],    20.086
 0.713,     0.653,    [     0.000],    20.086
 0.697,     0.649,    [     0.000],    20.086
 0.713,     0.645,    [     0.000],    20.086
 0.698,     0.649,    [     0.000],    20.086
 0.600,     0.649,    [     0.000],    20.086


seed_val:    9
(T=1.0) Metropolis ended with magnetization 0.09224489795918367 after 1000000 iterations
 0.707,     0.661,    [     0.000],    20.086
 0.683,     0.661,    [     0.000],    20.086
 0.676,     0.641,    [     0.000],    20.086
 0.695,     0.649,    [     0.000],    20.086
 0.686,     0.661,    [     0.000],    20.086
 0.686,     0.653,    [     0.000],    20.086
 0.699,     0.649,    [     0.000],    20.086
 0.695,     0.653,    [     0.000],    20.086
 0.698,     0.657,    [     0.000],    20.086
 0.693,     0.669,    [     0.000],    20.086
 0.698,     0.653,    [     0.000],    20.086
 0.703,     0.661,    [     0.000],    20.086
 0.698,     0.657,    [     0.000],    20.086
 0.701,     0.661,    [     0.000],    20.086
 0.701,     0.661,    [     0.000],    20.086

 pctg,    rr,    α,    β
 0.600,     0.690,    [     0.000],    20.086
(T=1.0) Metropolis ended with magnetization 0.09224489795918367 after 1000000 iterations

 pctg_inductive,    rr,    α,    β
 0.000,     0.691,    [     0.000],    20.086
 0.774,     0.676,    [     0.000],    20.086
 0.806,     0.685,    [     0.000],    20.086
 0.774,     0.685,    [     0.000],    20.086
 0.806,     0.688,    [     0.000],    20.086
 0.790,     0.682,    [     0.000],    20.086
 0.050,     0.679,    [     0.000],    20.086
 0.659,     0.684,    [     0.000],    20.086
 0.699,     0.684,    [     0.000],    20.086
 0.691,     0.668,    [     0.000],    20.086
 0.683,     0.675,    [     0.000],    20.086
 0.683,     0.673,    [     0.000],    20.086
 0.100,     0.678,    [     0.000],    20.086
 0.739,     0.687,    [     0.000],    20.086
 0.739,     0.698,    [     0.000],    20.086
 0.728,     0.692,    [     0.000],    20.086
 0.739,     0.692,    [     0.000],    20.086
 0.745,     0.690,    [     0.000],    20.086
 0.150,     0.681,    [     0.000],    20.086
 0.694,     0.671,    [     0.000],    20.086
 0.698,     0.678,    [     0.000],    20.086
 0.669,     0.649,    [     0.000],    20.086
 0.690,     0.678,    [     0.000],    20.086
 0.673,     0.665,    [     0.000],    20.086
 0.200,     0.668,    [     0.000],    20.086
 0.730,     0.686,    [     0.000],    20.086
 0.720,     0.680,    [     0.000],    20.086
 0.730,     0.675,    [     0.000],    20.086
 0.723,     0.673,    [     0.000],    20.086
 0.730,     0.678,    [     0.000],    20.086
 0.250,     0.666,    [     0.000],    20.086
 0.707,     0.694,    [     0.000],    20.086
 0.726,     0.696,    [     0.000],    20.086
 0.720,     0.694,    [     0.000],    20.086
 0.717,     0.687,    [     0.000],    20.086
 0.707,     0.692,    [     0.000],    20.086
 0.300,     0.683,    [     0.000],    20.086
 0.732,     0.686,    [     0.000],    20.086
 0.725,     0.681,    [     0.000],    20.086
 0.730,     0.683,    [     0.000],    20.086
 0.727,     0.676,    [     0.000],    20.086
 0.737,     0.683,    [     0.000],    20.086
 0.350,     0.672,    [     0.000],    20.086
 0.716,     0.670,    [     0.000],    20.086
 0.718,     0.662,    [     0.000],    20.086
 0.718,     0.665,    [     0.000],    20.086
 0.724,     0.668,    [     0.000],    20.086
 0.727,     0.665,    [     0.000],    20.086
 0.400,     0.676,    [     0.000],    20.086
 0.710,     0.679,    [     0.000],    20.086
 0.712,     0.679,    [     0.000],    20.086
 0.703,     0.667,    [     0.000],    20.086
 0.707,     0.679,    [     0.000],    20.086
 0.703,     0.673,    [     0.000],    20.086
 0.450,     0.670,    [     0.000],    20.086
 0.679,     0.709,    [     0.000],    20.086
 0.675,     0.712,    [     0.000],    20.086
 0.679,     0.699,    [     0.000],    20.086
 0.682,     0.719,    [     0.000],    20.086
 0.684,     0.722,    [     0.000],    20.086
 0.500,     0.711,    [     0.000],    20.086
 0.693,     0.684,    [     0.000],    20.086
 0.699,     0.684,    [     0.000],    20.086
 0.696,     0.680,    [     0.000],    20.086
 0.699,     0.676,    [     0.000],    20.086
 0.696,     0.673,    [     0.000],    20.086
 0.550,     0.684,    [     0.000],    20.086
 0.695,     0.682,    [     0.000],    20.086
 0.699,     0.678,    [     0.000],    20.086
 0.690,     0.682,    [     0.000],    20.086
 0.697,     0.682,    [     0.000],    20.086
 0.699,     0.686,    [     0.000],    20.086
 0.600,     0.673,    [     0.000],    20.086


seed_val:    10
(T=1.0) Metropolis ended with magnetization 0.05795918367346939 after 1000000 iterations
 0.622,     0.588,    [     0.000],    20.086
 0.645,     0.571,    [     0.000],    20.086
 0.663,     0.596,    [     0.000],    20.086
 0.676,     0.620,    [     0.000],    20.086
 0.679,     0.641,    [     0.000],    20.086
 0.690,     0.649,    [     0.000],    20.086
 0.702,     0.678,    [     0.000],    20.086
 0.695,     0.678,    [     0.000],    20.086
 0.701,     0.686,    [     0.000],    20.086
 0.722,     0.702,    [     0.000],    20.086
 0.707,     0.702,    [     0.000],    20.086
 0.733,     0.714,    [     0.000],    20.086
 0.724,     0.706,    [     0.000],    20.086
 0.706,     0.698,    [     0.000],    20.086
 0.699,     0.698,    [     0.000],    20.086

 pctg,    rr,    α,    β
 0.600,     0.718,    [     0.000],    20.086
(T=1.0) Metropolis ended with magnetization 0.05795918367346939 after 1000000 iterations

 pctg_inductive,    rr,    α,    β
 0.000,     0.703,    [     0.000],    20.086
 0.855,     0.718,    [     0.000],    20.086
 0.871,     0.719,    [     0.000],    20.086
 0.871,     0.725,    [     0.000],    20.086
 0.871,     0.721,    [     0.000],    20.086
 0.871,     0.719,    [     0.000],    20.086
 0.050,     0.679,    [     0.000],    20.086
 0.707,     0.724,    [     0.000],    20.086
 0.732,     0.721,    [     0.000],    20.086
 0.724,     0.695,    [     0.000],    20.086
 0.732,     0.717,    [     0.000],    20.086
 0.715,     0.691,    [     0.000],    20.086
 0.100,     0.689,    [     0.000],    20.086
 0.668,     0.667,    [     0.000],    20.086
 0.663,     0.696,    [     0.000],    20.086
 0.658,     0.683,    [     0.000],    20.086
 0.668,     0.625,    [     0.000],    20.086
 0.668,     0.687,    [     0.000],    20.086
 0.150,     0.695,    [     0.000],    20.086
 0.767,     0.669,    [     0.000],    20.086
 0.767,     0.671,    [     0.000],    20.086
 0.780,     0.673,    [     0.000],    20.086
 0.767,     0.661,    [     0.000],    20.086
 0.767,     0.669,    [     0.000],    20.086
 0.200,     0.697,    [     0.000],    20.086
 0.694,     0.719,    [     0.000],    20.086
 0.691,     0.706,    [     0.000],    20.086
 0.707,     0.706,    [     0.000],    20.086
 0.704,     0.710,    [     0.000],    20.086
 0.704,     0.710,    [     0.000],    20.086
 0.250,     0.719,    [     0.000],    20.086
 0.739,     0.692,    [     0.000],    20.086
 0.734,     0.692,    [     0.000],    20.086
 0.742,     0.703,    [     0.000],    20.086
 0.739,     0.703,    [     0.000],    20.086
 0.745,     0.692,    [     0.000],    20.086
 0.300,     0.701,    [     0.000],    20.086
 0.718,     0.719,    [     0.000],    20.086
 0.723,     0.729,    [     0.000],    20.086
 0.711,     0.726,    [     0.000],    20.086
 0.711,     0.666,    [     0.000],    20.086
 0.709,     0.673,    [     0.000],    20.086
 0.350,     0.692,    [     0.000],    20.086
 0.676,     0.741,    [     0.000],    20.086
 0.692,     0.733,    [     0.000],    20.086
 0.680,     0.736,    [     0.000],    20.086
 0.704,     0.755,    [     0.000],    20.086
 0.684,     0.736,    [     0.000],    20.086
 0.400,     0.728,    [     0.000],    20.086
 0.728,     0.717,    [     0.000],    20.086
 0.730,     0.735,    [     0.000],    20.086
 0.723,     0.723,    [     0.000],    20.086
 0.726,     0.720,    [     0.000],    20.086
 0.717,     0.717,    [     0.000],    20.086
 0.450,     0.710,    [     0.000],    20.086
 0.721,     0.742,    [     0.000],    20.086
 0.729,     0.742,    [     0.000],    20.086
 0.721,     0.752,    [     0.000],    20.086
 0.723,     0.735,    [     0.000],    20.086
 0.734,     0.745,    [     0.000],    20.086
 0.500,     0.730,    [     0.000],    20.086
 0.706,     0.735,    [     0.000],    20.086
 0.714,     0.742,    [     0.000],    20.086
 0.724,     0.735,    [     0.000],    20.086
 0.720,     0.742,    [     0.000],    20.086
 0.715,     0.742,    [     0.000],    20.086
 0.550,     0.713,    [     0.000],    20.086
 0.735,     0.706,    [     0.000],    20.086
 0.735,     0.706,    [     0.000],    20.086
 0.735,     0.714,    [     0.000],    20.086
 0.739,     0.710,    [     0.000],    20.086
 0.744,     0.714,    [     0.000],    20.086
 0.600,     0.706,    [     0.000],    20.086

 trans: ising_35_0.10_0.35,     0.680 ±  0.033
 α, β: [     0.000] ± [     0.000], 20.086 ±  0.000
 ind: ising_35_0.10_0.35,    [     0.686,      0.664,      0.662,      0.664,      0.679,      0.670,      0.677,      0.674,      0.681,      0.675,      0.679,      0.679,      0.682] ± [     0.029,      0.032,      0.027,      0.021,      0.029,      0.040,      0.029,      0.023,      0.029,      0.026,      0.031,      0.033,      0.031]


seed_val:    1
(T=1.0) Metropolis ended with magnetization 0.007346938775510204 after 1000000 iterations
 0.506,     0.482,    [     0.000],    20.086
 0.513,     0.465,    [     0.000],    20.086
 0.513,     0.502,    [     0.000],    20.086
 0.510,     0.469,    [     0.000],    20.086
 0.512,     0.482,    [     0.000],    20.086
 0.518,     0.498,    [     0.000],    20.086
 0.525,     0.498,    [     0.000],    20.086
 0.529,     0.527,    [     0.000],    20.086
 0.520,     0.498,    [     0.000],    20.086
 0.525,     0.494,    [     0.000],    20.086
 0.527,     0.478,    [     0.000],    20.086
 0.524,     0.482,    [     0.000],    20.086
 0.521,     0.502,    [     0.000],    20.086
 0.516,     0.510,    [     0.000],    20.086
 0.518,     0.506,    [     0.000],    20.086

 pctg,    rr,    α,    β
 0.600,     0.502,    [     0.000],    20.086
(T=1.0) Metropolis ended with magnetization 0.007346938775510204 after 1000000 iterations

 pctg_inductive,    rr,    α,    β
 0.000,     0.513,    [     0.000],    20.086
 0.677,     0.478,    [     0.000],    20.086
 0.661,     0.473,    [     0.000],    20.086
 0.726,     0.475,    [     0.000],    20.086
 0.677,     0.478,    [     0.000],    20.086
 0.694,     0.470,    [     0.000],    20.086
 0.050,     0.500,    [     0.000],    20.086
 0.593,     0.506,    [     0.000],    20.086
 0.569,     0.505,    [     0.000],    20.086
 0.569,     0.503,    [     0.000],    20.086
 0.593,     0.510,    [     0.000],    20.086
 0.634,     0.505,    [     0.000],    20.086
 0.100,     0.491,    [     0.000],    20.086
 0.478,     0.531,    [     0.000],    20.086
 0.489,     0.523,    [     0.000],    20.086
 0.516,     0.531,    [     0.000],    20.086
 0.582,     0.500,    [     0.000],    20.086
 0.565,     0.500,    [     0.000],    20.086
 0.150,     0.493,    [     0.000],    20.086
 0.535,     0.500,    [     0.000],    20.086
 0.547,     0.494,    [     0.000],    20.086
 0.547,     0.500,    [     0.000],    20.086
 0.535,     0.510,    [     0.000],    20.086
 0.547,     0.500,    [     0.000],    20.086
 0.200,     0.502,    [     0.000],    20.086
 0.524,     0.521,    [     0.000],    20.086
 0.537,     0.503,    [     0.000],    20.086
 0.541,     0.510,    [     0.000],    20.086
 0.534,     0.505,    [     0.000],    20.086
 0.541,     0.499,    [     0.000],    20.086
 0.250,     0.504,    [     0.000],    20.086
 0.543,     0.481,    [     0.000],    20.086
 0.546,     0.493,    [     0.000],    20.086
 0.546,     0.491,    [     0.000],    20.086
 0.552,     0.526,    [     0.000],    20.086
 0.543,     0.505,    [     0.000],    20.086
 0.300,     0.494,    [     0.000],    20.086
 0.524,     0.497,    [     0.000],    20.086
 0.534,     0.503,    [     0.000],    20.086
 0.517,     0.528,    [     0.000],    20.086
 0.531,     0.495,    [     0.000],    20.086
 0.515,     0.485,    [     0.000],    20.086
 0.350,     0.482,    [     0.000],    20.086
 0.510,     0.523,    [     0.000],    20.086
 0.510,     0.520,    [     0.000],    20.086
 0.516,     0.512,    [     0.000],    20.086
 0.541,     0.496,    [     0.000],    20.086
 0.524,     0.496,    [     0.000],    20.086
 0.400,     0.518,    [     0.000],    20.086
 0.547,     0.485,    [     0.000],    20.086
 0.547,     0.485,    [     0.000],    20.086
 0.554,     0.488,    [     0.000],    20.086
 0.556,     0.506,    [     0.000],    20.086
 0.549,     0.497,    [     0.000],    20.086
 0.450,     0.490,    [     0.000],    20.086
 0.512,     0.520,    [     0.000],    20.086
 0.501,     0.539,    [     0.000],    20.086
 0.512,     0.529,    [     0.000],    20.086
 0.506,     0.536,    [     0.000],    20.086
 0.512,     0.487,    [     0.000],    20.086
 0.500,     0.507,    [     0.000],    20.086
 0.525,     0.502,    [     0.000],    20.086
 0.522,     0.491,    [     0.000],    20.086
 0.524,     0.498,    [     0.000],    20.086
 0.522,     0.491,    [     0.000],    20.086
 0.518,     0.495,    [     0.000],    20.086
 0.550,     0.501,    [     0.000],    20.086
 0.529,     0.539,    [     0.000],    20.086
 0.520,     0.539,    [     0.000],    20.086
 0.516,     0.539,    [     0.000],    20.086
 0.517,     0.535,    [     0.000],    20.086
 0.517,     0.543,    [     0.000],    20.086
 0.600,     0.512,    [     0.000],    20.086


seed_val:    2
(T=1.0) Metropolis ended with magnetization 0.0236734693877551 after 1000000 iterations
 0.532,     0.494,    [     0.000],    20.086
 0.529,     0.494,    [     0.000],    20.086
 0.528,     0.498,    [     0.000],    20.086
 0.550,     0.473,    [     0.000],    20.086
 0.531,     0.490,    [     0.000],    20.086
 0.543,     0.469,    [     0.000],    20.086
 0.532,     0.453,    [     0.000],    20.086
 0.536,     0.453,    [     0.000],    20.086
 0.558,     0.486,    [     0.000],    20.086
 0.544,     0.478,    [     0.000],    20.086
 0.548,     0.482,    [     0.000],    20.086
 0.540,     0.482,    [     0.000],    20.086
 0.525,     0.486,    [     0.000],    20.086
 0.543,     0.494,    [     0.000],    20.086
 0.541,     0.514,    [     0.000],    20.086

 pctg,    rr,    α,    β
 0.600,     0.469,    [     0.000],    20.086
(T=1.0) Metropolis ended with magnetization 0.0236734693877551 after 1000000 iterations

 pctg_inductive,    rr,    α,    β
 0.000,     0.522,    [     0.000],    20.086
 0.742,     0.508,    [     0.000],    20.086
 0.742,     0.504,    [     0.000],    20.086
 0.710,     0.504,    [     0.000],    20.086
 0.726,     0.504,    [     0.000],    20.086
 0.726,     0.509,    [     0.000],    20.086
 0.050,     0.506,    [     0.000],    20.086
 0.602,     0.490,    [     0.000],    20.086
 0.569,     0.488,    [     0.000],    20.086
 0.561,     0.494,    [     0.000],    20.086
 0.618,     0.494,    [     0.000],    20.086
 0.602,     0.503,    [     0.000],    20.086
 0.100,     0.499,    [     0.000],    20.086
 0.543,     0.494,    [     0.000],    20.086
 0.549,     0.496,    [     0.000],    20.086
 0.576,     0.488,    [     0.000],    20.086
 0.587,     0.488,    [     0.000],    20.086
 0.582,     0.488,    [     0.000],    20.086
 0.150,     0.486,    [     0.000],    20.086
 0.551,     0.496,    [     0.000],    20.086
 0.567,     0.480,    [     0.000],    20.086
 0.576,     0.510,    [     0.000],    20.086
 0.571,     0.516,    [     0.000],    20.086
 0.567,     0.516,    [     0.000],    20.086
 0.200,     0.508,    [     0.000],    20.086
 0.554,     0.512,    [     0.000],    20.086
 0.560,     0.508,    [     0.000],    20.086
 0.596,     0.488,    [     0.000],    20.086
 0.580,     0.497,    [     0.000],    20.086
 0.583,     0.495,    [     0.000],    20.086
 0.250,     0.490,    [     0.000],    20.086
 0.524,     0.514,    [     0.000],    20.086
 0.533,     0.507,    [     0.000],    20.086
 0.579,     0.465,    [     0.000],    20.086
 0.560,     0.460,    [     0.000],    20.086
 0.565,     0.474,    [     0.000],    20.086
 0.300,     0.466,    [     0.000],    20.086
 0.485,     0.525,    [     0.000],    20.086
 0.510,     0.508,    [     0.000],    20.086
 0.524,     0.500,    [     0.000],    20.086
 0.555,     0.467,    [     0.000],    20.086
 0.550,     0.460,    [     0.000],    20.086
 0.350,     0.476,    [     0.000],    20.086
 0.535,     0.499,    [     0.000],    20.086
 0.545,     0.490,    [     0.000],    20.086
 0.547,     0.515,    [     0.000],    20.086
 0.555,     0.482,    [     0.000],    20.086
 0.543,     0.510,    [     0.000],    20.086
 0.400,     0.497,    [     0.000],    20.086
 0.520,     0.503,    [     0.000],    20.086
 0.543,     0.482,    [     0.000],    20.086
 0.538,     0.494,    [     0.000],    20.086
 0.549,     0.476,    [     0.000],    20.086
 0.562,     0.435,    [     0.000],    20.086
 0.450,     0.461,    [     0.000],    20.086
 0.501,     0.556,    [     0.000],    20.086
 0.517,     0.536,    [     0.000],    20.086
 0.529,     0.539,    [     0.000],    20.086
 0.524,     0.536,    [     0.000],    20.086
 0.529,     0.507,    [     0.000],    20.086
 0.500,     0.497,    [     0.000],    20.086
 0.545,     0.465,    [     0.000],    20.086
 0.539,     0.469,    [     0.000],    20.086
 0.546,     0.487,    [     0.000],    20.086
 0.542,     0.487,    [     0.000],    20.086
 0.539,     0.495,    [     0.000],    20.086
 0.550,     0.481,    [     0.000],    20.086
 0.527,     0.547,    [     0.000],    20.086
 0.527,     0.506,    [     0.000],    20.086
 0.522,     0.498,    [     0.000],    20.086
 0.516,     0.469,    [     0.000],    20.086
 0.516,     0.518,    [     0.000],    20.086
 0.600,     0.508,    [     0.000],    20.086


seed_val:    3
(T=1.0) Metropolis ended with magnetization 0.015510204081632653 after 1000000 iterations
 0.527,     0.510,    [     0.000],    20.086
 0.512,     0.510,    [     0.000],    20.086
 0.531,     0.498,    [     0.000],    20.086
 0.533,     0.482,    [     0.000],    20.086
 0.532,     0.510,    [     0.000],    20.086
 0.540,     0.502,    [     0.000],    20.086
 0.537,     0.514,    [     0.000],    20.086
 0.540,     0.482,    [     0.000],    20.086
 0.531,     0.518,    [     0.000],    20.086
 0.548,     0.518,    [     0.000],    20.086
 0.544,     0.510,    [     0.000],    20.086
 0.532,     0.522,    [     0.000],    20.086
 0.540,     0.457,    [     0.000],    20.086
 0.554,     0.510,    [     0.000],    20.086
 0.551,     0.482,    [     0.000],    20.086

 pctg,    rr,    α,    β
 0.600,     0.461,    [     0.000],    20.086
(T=1.0) Metropolis ended with magnetization 0.015510204081632653 after 1000000 iterations

 pctg_inductive,    rr,    α,    β
 0.000,     0.519,    [     0.000],    20.086
 0.468,     0.513,    [     0.000],    20.086
 0.500,     0.508,    [     0.000],    20.086
 0.532,     0.522,    [     0.000],    20.086
 0.565,     0.516,    [     0.000],    20.086
 0.565,     0.522,    [     0.000],    20.086
 0.050,     0.500,    [     0.000],    20.086
 0.577,     0.532,    [     0.000],    20.086
 0.593,     0.505,    [     0.000],    20.086
 0.626,     0.517,    [     0.000],    20.086
 0.626,     0.517,    [     0.000],    20.086
 0.642,     0.508,    [     0.000],    20.086
 0.100,     0.504,    [     0.000],    20.086
 0.565,     0.529,    [     0.000],    20.086
 0.543,     0.502,    [     0.000],    20.086
 0.533,     0.500,    [     0.000],    20.086
 0.560,     0.498,    [     0.000],    20.086
 0.571,     0.512,    [     0.000],    20.086
 0.150,     0.511,    [     0.000],    20.086
 0.527,     0.551,    [     0.000],    20.086
 0.543,     0.535,    [     0.000],    20.086
 0.576,     0.518,    [     0.000],    20.086
 0.571,     0.531,    [     0.000],    20.086
 0.576,     0.520,    [     0.000],    20.086
 0.200,     0.501,    [     0.000],    20.086
 0.498,     0.536,    [     0.000],    20.086
 0.515,     0.521,    [     0.000],    20.086
 0.524,     0.519,    [     0.000],    20.086
 0.547,     0.495,    [     0.000],    20.086
 0.570,     0.477,    [     0.000],    20.086
 0.250,     0.484,    [     0.000],    20.086
 0.522,     0.486,    [     0.000],    20.086
 0.563,     0.479,    [     0.000],    20.086
 0.549,     0.474,    [     0.000],    20.086
 0.568,     0.488,    [     0.000],    20.086
 0.560,     0.495,    [     0.000],    20.086
 0.300,     0.501,    [     0.000],    20.086
 0.517,     0.495,    [     0.000],    20.086
 0.529,     0.503,    [     0.000],    20.086
 0.536,     0.492,    [     0.000],    20.086
 0.538,     0.495,    [     0.000],    20.086
 0.543,     0.475,    [     0.000],    20.086
 0.350,     0.489,    [     0.000],    20.086
 0.518,     0.520,    [     0.000],    20.086
 0.529,     0.518,    [     0.000],    20.086
 0.518,     0.512,    [     0.000],    20.086
 0.529,     0.504,    [     0.000],    20.086
 0.531,     0.512,    [     0.000],    20.086
 0.400,     0.507,    [     0.000],    20.086
 0.558,     0.476,    [     0.000],    20.086
 0.553,     0.476,    [     0.000],    20.086
 0.543,     0.473,    [     0.000],    20.086
 0.571,     0.479,    [     0.000],    20.086
 0.554,     0.476,    [     0.000],    20.086
 0.450,     0.486,    [     0.000],    20.086
 0.489,     0.546,    [     0.000],    20.086
 0.512,     0.484,    [     0.000],    20.086
 0.520,     0.500,    [     0.000],    20.086
 0.530,     0.493,    [     0.000],    20.086
 0.535,     0.487,    [     0.000],    20.086
 0.500,     0.497,    [     0.000],    20.086
 0.555,     0.509,    [     0.000],    20.086
 0.545,     0.502,    [     0.000],    20.086
 0.531,     0.451,    [     0.000],    20.086
 0.565,     0.502,    [     0.000],    20.086
 0.545,     0.480,    [     0.000],    20.086
 0.550,     0.472,    [     0.000],    20.086
 0.528,     0.551,    [     0.000],    20.086
 0.535,     0.543,    [     0.000],    20.086
 0.524,     0.551,    [     0.000],    20.086
 0.540,     0.543,    [     0.000],    20.086
 0.531,     0.518,    [     0.000],    20.086
 0.600,     0.506,    [     0.000],    20.086


seed_val:    4
(T=1.0) Metropolis ended with magnetization 0.015510204081632653 after 1000000 iterations
 0.528,     0.465,    [     0.000],    20.086
 0.522,     0.482,    [     0.000],    20.086
 0.520,     0.461,    [     0.000],    20.086
 0.517,     0.482,    [     0.000],    20.086
 0.528,     0.482,    [     0.000],    20.086
 0.521,     0.449,    [     0.000],    20.086
 0.529,     0.473,    [     0.000],    20.086
 0.541,     0.461,    [     0.000],    20.086
 0.533,     0.465,    [     0.000],    20.086
 0.527,     0.473,    [     0.000],    20.086
 0.533,     0.478,    [     0.000],    20.086
 0.532,     0.473,    [     0.000],    20.086
 0.528,     0.494,    [     0.000],    20.086
 0.539,     0.465,    [     0.000],    20.086
 0.532,     0.478,    [     0.000],    20.086

 pctg,    rr,    α,    β
 0.600,     0.482,    [     0.000],    20.086
(T=1.0) Metropolis ended with magnetization 0.015510204081632653 after 1000000 iterations

 pctg_inductive,    rr,    α,    β
 0.000,     0.511,    [     0.000],    20.086
 0.645,     0.527,    [     0.000],    20.086
 0.645,     0.525,    [     0.000],    20.086
 0.677,     0.520,    [     0.000],    20.086
 0.645,     0.523,    [     0.000],    20.086
 0.645,     0.534,    [     0.000],    20.086
 0.050,     0.514,    [     0.000],    20.086
 0.512,     0.515,    [     0.000],    20.086
 0.626,     0.515,    [     0.000],    20.086
 0.634,     0.490,    [     0.000],    20.086
 0.626,     0.485,    [     0.000],    20.086
 0.561,     0.488,    [     0.000],    20.086
 0.100,     0.489,    [     0.000],    20.086
 0.489,     0.513,    [     0.000],    20.086
 0.527,     0.487,    [     0.000],    20.086
 0.527,     0.487,    [     0.000],    20.086
 0.549,     0.488,    [     0.000],    20.086
 0.549,     0.488,    [     0.000],    20.086
 0.150,     0.501,    [     0.000],    20.086
 0.576,     0.488,    [     0.000],    20.086
 0.559,     0.494,    [     0.000],    20.086
 0.567,     0.496,    [     0.000],    20.086
 0.571,     0.496,    [     0.000],    20.086
 0.576,     0.498,    [     0.000],    20.086
 0.200,     0.506,    [     0.000],    20.086
 0.531,     0.527,    [     0.000],    20.086
 0.508,     0.503,    [     0.000],    20.086
 0.505,     0.508,    [     0.000],    20.086
 0.541,     0.501,    [     0.000],    20.086
 0.544,     0.501,    [     0.000],    20.086
 0.250,     0.484,    [     0.000],    20.086
 0.546,     0.495,    [     0.000],    20.086
 0.560,     0.486,    [     0.000],    20.086
 0.552,     0.498,    [     0.000],    20.086
 0.560,     0.498,    [     0.000],    20.086
 0.557,     0.500,    [     0.000],    20.086
 0.300,     0.505,    [     0.000],    20.086
 0.550,     0.495,    [     0.000],    20.086
 0.545,     0.503,    [     0.000],    20.086
 0.550,     0.497,    [     0.000],    20.086
 0.552,     0.495,    [     0.000],    20.086
 0.534,     0.477,    [     0.000],    20.086
 0.350,     0.494,    [     0.000],    20.086
 0.512,     0.515,    [     0.000],    20.086
 0.522,     0.510,    [     0.000],    20.086
 0.537,     0.512,    [     0.000],    20.086
 0.529,     0.537,    [     0.000],    20.086
 0.549,     0.531,    [     0.000],    20.086
 0.400,     0.494,    [     0.000],    20.086
 0.524,     0.488,    [     0.000],    20.086
 0.529,     0.494,    [     0.000],    20.086
 0.524,     0.473,    [     0.000],    20.086
 0.534,     0.500,    [     0.000],    20.086
 0.533,     0.503,    [     0.000],    20.086
 0.450,     0.501,    [     0.000],    20.086
 0.517,     0.487,    [     0.000],    20.086
 0.527,     0.533,    [     0.000],    20.086
 0.525,     0.533,    [     0.000],    20.086
 0.532,     0.516,    [     0.000],    20.086
 0.542,     0.516,    [     0.000],    20.086
 0.500,     0.502,    [     0.000],    20.086
 0.510,     0.520,    [     0.000],    20.086
 0.527,     0.509,    [     0.000],    20.086
 0.525,     0.495,    [     0.000],    20.086
 0.550,     0.487,    [     0.000],    20.086
 0.539,     0.487,    [     0.000],    20.086
 0.550,     0.505,    [     0.000],    20.086
 0.516,     0.498,    [     0.000],    20.086
 0.522,     0.502,    [     0.000],    20.086
 0.527,     0.494,    [     0.000],    20.086
 0.527,     0.506,    [     0.000],    20.086
 0.537,     0.482,    [     0.000],    20.086
 0.600,     0.498,    [     0.000],    20.086


seed_val:    5
(T=1.0) Metropolis ended with magnetization 0.005714285714285714 after 1000000 iterations
 0.518,     0.547,    [     0.000],    20.086
 0.513,     0.473,    [     0.000],    20.086
 0.516,     0.486,    [     0.000],    20.086
 0.544,     0.490,    [     0.000],    20.086
 0.518,     0.510,    [     0.000],    20.086
 0.528,     0.510,    [     0.000],    20.086
 0.524,     0.498,    [     0.000],    20.086
 0.517,     0.502,    [     0.000],    20.086
 0.536,     0.522,    [     0.000],    20.086
 0.539,     0.506,    [     0.000],    20.086
 0.536,     0.518,    [     0.000],    20.086
 0.535,     0.527,    [     0.000],    20.086
 0.535,     0.518,    [     0.000],    20.086
 0.535,     0.506,    [     0.000],    20.086
 0.536,     0.494,    [     0.000],    20.086

 pctg,    rr,    α,    β
 0.600,     0.482,    [     0.000],    20.086
(T=1.0) Metropolis ended with magnetization 0.005714285714285714 after 1000000 iterations

 pctg_inductive,    rr,    α,    β
 0.000,     0.517,    [     0.000],    20.086
 0.565,     0.494,    [     0.000],    20.086
 0.645,     0.509,    [     0.000],    20.086
 0.613,     0.518,    [     0.000],    20.086
 0.661,     0.513,    [     0.000],    20.086
 0.645,     0.509,    [     0.000],    20.086
 0.050,     0.505,    [     0.000],    20.086
 0.610,     0.486,    [     0.000],    20.086
 0.634,     0.499,    [     0.000],    20.086
 0.610,     0.488,    [     0.000],    20.086
 0.626,     0.481,    [     0.000],    20.086
 0.642,     0.481,    [     0.000],    20.086
 0.100,     0.500,    [     0.000],    20.086
 0.582,     0.494,    [     0.000],    20.086
 0.576,     0.490,    [     0.000],    20.086
 0.598,     0.500,    [     0.000],    20.086
 0.603,     0.500,    [     0.000],    20.086
 0.630,     0.496,    [     0.000],    20.086
 0.150,     0.511,    [     0.000],    20.086
 0.510,     0.514,    [     0.000],    20.086
 0.527,     0.516,    [     0.000],    20.086
 0.502,     0.508,    [     0.000],    20.086
 0.527,     0.522,    [     0.000],    20.086
 0.527,     0.502,    [     0.000],    20.086
 0.200,     0.497,    [     0.000],    20.086
 0.531,     0.497,    [     0.000],    20.086
 0.534,     0.516,    [     0.000],    20.086
 0.524,     0.501,    [     0.000],    20.086
 0.537,     0.514,    [     0.000],    20.086
 0.531,     0.503,    [     0.000],    20.086
 0.250,     0.508,    [     0.000],    20.086
 0.508,     0.533,    [     0.000],    20.086
 0.514,     0.512,    [     0.000],    20.086
 0.514,     0.528,    [     0.000],    20.086
 0.533,     0.502,    [     0.000],    20.086
 0.538,     0.514,    [     0.000],    20.086
 0.300,     0.510,    [     0.000],    20.086
 0.536,     0.487,    [     0.000],    20.086
 0.548,     0.495,    [     0.000],    20.086
 0.550,     0.482,    [     0.000],    20.086
 0.552,     0.487,    [     0.000],    20.086
 0.548,     0.485,    [     0.000],    20.086
 0.350,     0.495,    [     0.000],    20.086
 0.557,     0.469,    [     0.000],    20.086
 0.545,     0.474,    [     0.000],    20.086
 0.555,     0.466,    [     0.000],    20.086
 0.557,     0.482,    [     0.000],    20.086
 0.551,     0.466,    [     0.000],    20.086
 0.400,     0.501,    [     0.000],    20.086
 0.529,     0.476,    [     0.000],    20.086
 0.518,     0.470,    [     0.000],    20.086
 0.533,     0.515,    [     0.000],    20.086
 0.516,     0.482,    [     0.000],    20.086
 0.524,     0.503,    [     0.000],    20.086
 0.450,     0.507,    [     0.000],    20.086
 0.527,     0.513,    [     0.000],    20.086
 0.546,     0.510,    [     0.000],    20.086
 0.546,     0.503,    [     0.000],    20.086
 0.548,     0.520,    [     0.000],    20.086
 0.532,     0.513,    [     0.000],    20.086
 0.500,     0.515,    [     0.000],    20.086
 0.530,     0.516,    [     0.000],    20.086
 0.533,     0.513,    [     0.000],    20.086
 0.547,     0.487,    [     0.000],    20.086
 0.533,     0.495,    [     0.000],    20.086
 0.550,     0.502,    [     0.000],    20.086
 0.550,     0.497,    [     0.000],    20.086
 0.537,     0.535,    [     0.000],    20.086
 0.541,     0.498,    [     0.000],    20.086
 0.555,     0.506,    [     0.000],    20.086
 0.569,     0.486,    [     0.000],    20.086
 0.562,     0.494,    [     0.000],    20.086
 0.600,     0.461,    [     0.000],    20.086


seed_val:    6
(T=1.0) Metropolis ended with magnetization 0.015510204081632653 after 1000000 iterations
 0.506,     0.506,    [     0.000],    20.086
 0.537,     0.469,    [     0.000],    20.086
 0.539,     0.465,    [     0.000],    20.086
 0.520,     0.502,    [     0.000],    20.086
 0.522,     0.478,    [     0.000],    20.086
 0.539,     0.478,    [     0.000],    20.086
 0.541,     0.486,    [     0.000],    20.086
 0.550,     0.498,    [     0.000],    20.086
 0.539,     0.486,    [     0.000],    20.086
 0.539,     0.490,    [     0.000],    20.086
 0.546,     0.473,    [     0.000],    20.086
 0.551,     0.478,    [     0.000],    20.086
 0.558,     0.478,    [     0.000],    20.086
 0.555,     0.486,    [     0.000],    20.086
 0.548,     0.441,    [     0.000],    20.086

 pctg,    rr,    α,    β
 0.600,     0.461,    [     0.000],    20.086
(T=1.0) Metropolis ended with magnetization 0.015510204081632653 after 1000000 iterations

 pctg_inductive,    rr,    α,    β
 0.000,     0.509,    [     0.000],    20.086
 0.645,     0.478,    [     0.000],    20.086
 0.645,     0.487,    [     0.000],    20.086
 0.694,     0.478,    [     0.000],    20.086
 0.710,     0.472,    [     0.000],    20.086
 0.661,     0.477,    [     0.000],    20.086
 0.050,     0.500,    [     0.000],    20.086
 0.561,     0.535,    [     0.000],    20.086
 0.577,     0.517,    [     0.000],    20.086
 0.577,     0.501,    [     0.000],    20.086
 0.585,     0.495,    [     0.000],    20.086
 0.602,     0.515,    [     0.000],    20.086
 0.100,     0.492,    [     0.000],    20.086
 0.576,     0.502,    [     0.000],    20.086
 0.614,     0.485,    [     0.000],    20.086
 0.609,     0.473,    [     0.000],    20.086
 0.636,     0.471,    [     0.000],    20.086
 0.647,     0.479,    [     0.000],    20.086
 0.150,     0.484,    [     0.000],    20.086
 0.567,     0.504,    [     0.000],    20.086
 0.563,     0.524,    [     0.000],    20.086
 0.580,     0.504,    [     0.000],    20.086
 0.592,     0.504,    [     0.000],    20.086
 0.604,     0.502,    [     0.000],    20.086
 0.200,     0.491,    [     0.000],    20.086
 0.528,     0.536,    [     0.000],    20.086
 0.534,     0.525,    [     0.000],    20.086
 0.531,     0.540,    [     0.000],    20.086
 0.554,     0.529,    [     0.000],    20.086
 0.564,     0.536,    [     0.000],    20.086
 0.250,     0.508,    [     0.000],    20.086
 0.535,     0.505,    [     0.000],    20.086
 0.530,     0.512,    [     0.000],    20.086
 0.543,     0.542,    [     0.000],    20.086
 0.560,     0.514,    [     0.000],    20.086
 0.541,     0.498,    [     0.000],    20.086
 0.300,     0.485,    [     0.000],    20.086
 0.543,     0.492,    [     0.000],    20.086
 0.548,     0.518,    [     0.000],    20.086
 0.555,     0.495,    [     0.000],    20.086
 0.555,     0.492,    [     0.000],    20.086
 0.548,     0.510,    [     0.000],    20.086
 0.350,     0.490,    [     0.000],    20.086
 0.506,     0.515,    [     0.000],    20.086
 0.545,     0.518,    [     0.000],    20.086
 0.569,     0.512,    [     0.000],    20.086
 0.563,     0.490,    [     0.000],    20.086
 0.557,     0.523,    [     0.000],    20.086
 0.400,     0.490,    [     0.000],    20.086
 0.509,     0.527,    [     0.000],    20.086
 0.516,     0.506,    [     0.000],    20.086
 0.525,     0.515,    [     0.000],    20.086
 0.529,     0.503,    [     0.000],    20.086
 0.509,     0.509,    [     0.000],    20.086
 0.450,     0.508,    [     0.000],    20.086
 0.542,     0.503,    [     0.000],    20.086
 0.558,     0.480,    [     0.000],    20.086
 0.538,     0.497,    [     0.000],    20.086
 0.548,     0.500,    [     0.000],    20.086
 0.560,     0.474,    [     0.000],    20.086
 0.500,     0.474,    [     0.000],    20.086
 0.531,     0.455,    [     0.000],    20.086
 0.536,     0.440,    [     0.000],    20.086
 0.539,     0.440,    [     0.000],    20.086
 0.549,     0.462,    [     0.000],    20.086
 0.543,     0.447,    [     0.000],    20.086
 0.550,     0.475,    [     0.000],    20.086
 0.529,     0.506,    [     0.000],    20.086
 0.527,     0.527,    [     0.000],    20.086

signal (15): Terminated
in expression starting at /home/junteng/Projects/gnn-residual-correlation/run.jl:5
jl_is_vararg_type at /buildworker/worker/package_linux64/build/src/julia.h:1208 [inlined]
valid_type_param at /buildworker/worker/package_linux64/build/src/builtins.c:859 [inlined]
jl_f_apply_type at /buildworker/worker/package_linux64/build/src/builtins.c:878
jl_apply_generic at /buildworker/worker/package_linux64/build/src/gf.c:2162
jl_apply at /buildworker/worker/package_linux64/build/src/julia.h:1537 [inlined]
jl_f__apply at /buildworker/worker/package_linux64/build/src/builtins.c:556
eltypes at ./broadcast.jl:627 [inlined]
eltypes at ./broadcast.jl:627 [inlined]
combine_eltypes at ./broadcast.jl:630 [inlined]
copy at ./broadcast.jl:773 [inlined]
materialize at ./broadcast.jl:756
jl_apply_generic at /buildworker/worker/package_linux64/build/src/gf.c:2162
broadcast at ./broadcast.jl:710
jl_invoke at /buildworker/worker/package_linux64/build/src/gf.c:2296
∇broadcast at /home/junteng/.julia/packages/Tracker/cpxco/src/lib/array.jl:509 [inlined]
copy at /home/junteng/.julia/packages/Tracker/cpxco/src/lib/array.jl:540 [inlined]
materialize at ./broadcast.jl:756 [inlined]
#549 at /home/junteng/.julia/packages/Tracker/cpxco/src/lib/array.jl:513 [inlined]
ntuple at ./tuple.jl:157 [inlined]
back at /home/junteng/.julia/packages/Tracker/cpxco/src/lib/array.jl:513 [inlined]
back_ at /home/junteng/.julia/packages/Tracker/cpxco/src/back.jl:35
unknown function (ip: 0x7f61a470c64e)
jl_apply_generic at /buildworker/worker/package_linux64/build/src/gf.c:2162
back at /home/junteng/.julia/packages/Tracker/cpxco/src/back.jl:58
#13 at /home/junteng/.julia/packages/Tracker/cpxco/src/back.jl:38
unknown function (ip: 0x7f61a46fee0c)
jl_apply_generic at /buildworker/worker/package_linux64/build/src/gf.c:2162
foreach at ./abstractarray.jl:1836
jl_invoke at /buildworker/worker/package_linux64/build/src/gf.c:2296
back_ at /home/junteng/.julia/packages/Tracker/cpxco/src/back.jl:38
unknown function (ip: 0x7f61a47063fe)
jl_apply_generic at /buildworker/worker/package_linux64/build/src/gf.c:2162
back at /home/junteng/.julia/packages/Tracker/cpxco/src/back.jl:58
foreach at /home/junteng/.julia/packages/Tracker/cpxco/src/back.jl:38 [inlined]
back_ at /home/junteng/.julia/packages/Tracker/cpxco/src/back.jl:38
unknown function (ip: 0x7f61a470c64e)
jl_apply_generic at /buildworker/worker/package_linux64/build/src/gf.c:2162
back at /home/junteng/.julia/packages/Tracker/cpxco/src/back.jl:58
#13 at /home/junteng/.julia/packages/Tracker/cpxco/src/back.jl:38
unknown function (ip: 0x7f61a46fee0c)
jl_apply_generic at /buildworker/worker/package_linux64/build/src/gf.c:2162
foreach at ./abstractarray.jl:1836
jl_invoke at /buildworker/worker/package_linux64/build/src/gf.c:2296
back_ at /home/junteng/.julia/packages/Tracker/cpxco/src/back.jl:38
unknown function (ip: 0x7f61a47063fe)
jl_apply_generic at /buildworker/worker/package_linux64/build/src/gf.c:2162
back at /home/junteng/.julia/packages/Tracker/cpxco/src/back.jl:58
foreach at /home/junteng/.julia/packages/Tracker/cpxco/src/back.jl:38 [inlined]
back_ at /home/junteng/.julia/packages/Tracker/cpxco/src/back.jl:38
unknown function (ip: 0x7f61a470c64e)
jl_apply_generic at /buildworker/worker/package_linux64/build/src/gf.c:2162
back at /home/junteng/.julia/packages/Tracker/cpxco/src/back.jl:58
#13 at /home/junteng/.julia/packages/Tracker/cpxco/src/back.jl:38
unknown function (ip: 0x7f61a46fee0c)
jl_apply_generic at /buildworker/worker/package_linux64/build/src/gf.c:2162
foreach at ./abstractarray.jl:1836
jl_invoke at /buildworker/worker/package_linux64/build/src/gf.c:2296
back_ at /home/junteng/.julia/packages/Tracker/cpxco/src/back.jl:38
unknown function (ip: 0x7f61a47063fe)
jl_apply_generic at /buildworker/worker/package_linux64/build/src/gf.c:2162
back at /home/junteng/.julia/packages/Tracker/cpxco/src/back.jl:58
foreach at /home/junteng/.julia/packages/Tracker/cpxco/src/back.jl:38 [inlined]
back_ at /home/junteng/.julia/packages/Tracker/cpxco/src/back.jl:38
unknown function (ip: 0x7f61a470523e)
jl_apply_generic at /buildworker/worker/package_linux64/build/src/gf.c:2162
back at /home/junteng/.julia/packages/Tracker/cpxco/src/back.jl:58
#13 at /home/junteng/.julia/packages/Tracker/cpxco/src/back.jl:38
unknown function (ip: 0x7f61a46fee0c)
jl_apply_generic at /buildworker/worker/package_linux64/build/src/gf.c:2162
foreach at ./abstractarray.jl:1836
jl_apply_generic at /buildworker/worker/package_linux64/build/src/gf.c:2162
back_ at /home/junteng/.julia/packages/Tracker/cpxco/src/back.jl:38
unknown function (ip: 0x7f61a470364e)
jl_apply_generic at /buildworker/worker/package_linux64/build/src/gf.c:2162
back at /home/junteng/.julia/packages/Tracker/cpxco/src/back.jl:58
#13 at /home/junteng/.julia/packages/Tracker/cpxco/src/back.jl:38
unknown function (ip: 0x7f61a46fee0c)
jl_apply_generic at /buildworker/worker/package_linux64/build/src/gf.c:2162
foreach at ./abstractarray.jl:1836
jl_apply_generic at /buildworker/worker/package_linux64/build/src/gf.c:2162
back_ at /home/junteng/.julia/packages/Tracker/cpxco/src/back.jl:38
unknown function (ip: 0x7f61a46ff8be)
jl_apply_generic at /buildworker/worker/package_linux64/build/src/gf.c:2162
back at /home/junteng/.julia/packages/Tracker/cpxco/src/back.jl:58
#13 at /home/junteng/.julia/packages/Tracker/cpxco/src/back.jl:38
unknown function (ip: 0x7f61a46fee0c)
jl_apply_generic at /buildworker/worker/package_linux64/build/src/gf.c:2162
foreach at ./abstractarray.jl:1836
jl_invoke at /buildworker/worker/package_linux64/build/src/gf.c:2296
back_ at /home/junteng/.julia/packages/Tracker/cpxco/src/back.jl:38
unknown function (ip: 0x7f61a46fb08f)
jl_apply_generic at /buildworker/worker/package_linux64/build/src/gf.c:2162
back at /home/junteng/.julia/packages/Tracker/cpxco/src/back.jl:58
#13 at /home/junteng/.julia/packages/Tracker/cpxco/src/back.jl:38 [inlined]
foreach at ./abstractarray.jl:1836 [inlined]
back_ at /home/junteng/.julia/packages/Tracker/cpxco/src/back.jl:38
unknown function (ip: 0x7f61a46facff)
jl_apply_generic at /buildworker/worker/package_linux64/build/src/gf.c:2162
back at /home/junteng/.julia/packages/Tracker/cpxco/src/back.jl:58
#back!#15 at /home/junteng/.julia/packages/Tracker/cpxco/src/back.jl:77 [inlined]
#back! at ./none:0 [inlined]
#back!#32 at /home/junteng/.julia/packages/Tracker/cpxco/src/lib/real.jl:16 [inlined]
back! at /home/junteng/.julia/packages/Tracker/cpxco/src/lib/real.jl:14
jl_apply_generic at /buildworker/worker/package_linux64/build/src/gf.c:2162
gradient_ at /home/junteng/.julia/packages/Tracker/cpxco/src/back.jl:4
#gradient#24 at /home/junteng/.julia/packages/Tracker/cpxco/src/back.jl:164 [inlined]
gradient at /home/junteng/.julia/packages/Tracker/cpxco/src/back.jl:164 [inlined]
#train!#85 at /home/junteng/Projects/gnn-residual-correlation/utils.jl:382
unknown function (ip: 0x7f61a46da671)
jl_apply_generic at /buildworker/worker/package_linux64/build/src/gf.c:2162
#train! at ./none:0
unknown function (ip: 0x7f61a46d9e84)
jl_apply_generic at /buildworker/worker/package_linux64/build/src/gf.c:2162
run_once at /home/junteng/Projects/gnn-residual-correlation/run_dataset.jl:150
run_dataset at /home/junteng/Projects/gnn-residual-correlation/run_dataset.jl:167
unknown function (ip: 0x7f61a46823f8)
jl_apply_generic at /buildworker/worker/package_linux64/build/src/gf.c:2162
do_call at /buildworker/worker/package_linux64/build/src/interpreter.c:324
eval_value at /buildworker/worker/package_linux64/build/src/interpreter.c:430
eval_stmt_value at /buildworker/worker/package_linux64/build/src/interpreter.c:363 [inlined]
eval_body at /buildworker/worker/package_linux64/build/src/interpreter.c:682
jl_interpret_toplevel_thunk_callback at /buildworker/worker/package_linux64/build/src/interpreter.c:806
unknown function (ip: 0xfffffffffffffffe)
unknown function (ip: 0x7f61b6f557cf)
unknown function (ip: 0x3)
jl_interpret_toplevel_thunk at /buildworker/worker/package_linux64/build/src/interpreter.c:815
jl_toplevel_eval_flex at /buildworker/worker/package_linux64/build/src/toplevel.c:805
jl_parse_eval_all at /buildworker/worker/package_linux64/build/src/ast.c:838
jl_load at /buildworker/worker/package_linux64/build/src/toplevel.c:839
include at ./boot.jl:317 [inlined]
include_relative at ./loading.jl:1044
include at ./sysimg.jl:29
jl_apply_generic at /buildworker/worker/package_linux64/build/src/gf.c:2162
exec_options at ./client.jl:266
_start at ./client.jl:425
jl_apply_generic at /buildworker/worker/package_linux64/build/src/gf.c:2162
unknown function (ip: 0x401b08)
unknown function (ip: 0x401533)
__libc_start_main at /build/glibc-OTsEL5/glibc-2.27/csu/../csu/libc-start.c:310
unknown function (ip: 0x4015d4)
unknown function (ip: 0xffffffffffffffff)
Allocations: 1811835604 (Pool: 1789381244; Big: 22454360); GC: 14317
