

seed_val:    1
(T=1.0) Metropolis ended with magnetization 0.026938775510204082 after 1000000 iterations
 0.699,     0.702,    [     0.753],     1.716
 0.710,     0.710,    [     0.812],     1.582
 0.710,     0.706,    [     0.841],     1.580
 0.709,     0.710,    [     0.859],     1.598
 0.706,     0.714,    [     0.872],     1.629
 0.705,     0.718,    [     0.881],     1.651
 0.703,     0.722,    [     0.888],     1.670
 0.710,     0.718,    [     0.893],     1.685
 0.714,     0.714,    [     0.897],     1.700
 0.714,     0.710,    [     0.900],     1.707
 0.718,     0.714,    [     0.902],     1.715
 0.721,     0.714,    [     0.904],     1.724
 0.720,     0.710,    [     0.905],     1.729
 0.721,     0.702,    [     0.905],     1.740
 0.721,     0.698,    [     0.905],     1.746

 pctg,    rr,    α,    β
 0.600,     0.735,    [     0.905],     1.746


seed_val:    2
(T=1.0) Metropolis ended with magnetization 0.2163265306122449 after 1000000 iterations
 0.693,     0.780,    [     0.679],     1.672
 0.695,     0.780,    [     0.747],     1.490
 0.702,     0.784,    [     0.781],     1.469
 0.705,     0.780,    [     0.803],     1.481
 0.703,     0.784,    [     0.818],     1.498
 0.702,     0.784,    [     0.828],     1.512
 0.699,     0.784,    [     0.836],     1.529
 0.705,     0.780,    [     0.842],     1.538
 0.697,     0.784,    [     0.846],     1.550
 0.699,     0.784,    [     0.849],     1.558
 0.698,     0.784,    [     0.850],     1.562
 0.703,     0.780,    [     0.851],     1.569
 0.698,     0.780,    [     0.851],     1.575
 0.697,     0.780,    [     0.852],     1.574
 0.699,     0.780,    [     0.851],     1.580

 pctg,    rr,    α,    β
 0.600,     0.755,    [     0.851],     1.580


seed_val:    3
(T=1.0) Metropolis ended with magnetization 0.1346938775510204 after 1000000 iterations
 0.694,     0.751,    [     0.688],     1.687
 0.695,     0.751,    [     0.760],     1.521
 0.709,     0.759,    [     0.792],     1.516
 0.713,     0.763,    [     0.812],     1.536
 0.710,     0.759,    [     0.826],     1.556
 0.710,     0.767,    [     0.836],     1.569
 0.716,     0.763,    [     0.843],     1.590
 0.717,     0.763,    [     0.849],     1.602
 0.718,     0.767,    [     0.852],     1.614
 0.717,     0.771,    [     0.854],     1.625
 0.716,     0.780,    [     0.856],     1.631
 0.721,     0.763,    [     0.857],     1.643
 0.720,     0.780,    [     0.857],     1.645
 0.722,     0.776,    [     0.857],     1.653
 0.720,     0.763,    [     0.857],     1.659

 pctg,    rr,    α,    β
 0.600,     0.755,    [     0.857],     1.659


seed_val:    4
(T=1.0) Metropolis ended with magnetization 0.025306122448979593 after 1000000 iterations
 0.748,     0.804,    [     0.767],     1.802
 0.748,     0.804,    [     0.825],     1.669
 0.747,     0.808,    [     0.852],     1.678
 0.744,     0.804,    [     0.868],     1.707
 0.741,     0.808,    [     0.879],     1.732
 0.748,     0.808,    [     0.886],     1.758
 0.750,     0.808,    [     0.892],     1.771
 0.748,     0.808,    [     0.897],     1.785
 0.751,     0.808,    [     0.900],     1.801
 0.747,     0.808,    [     0.904],     1.808
 0.752,     0.808,    [     0.906],     1.815
 0.751,     0.808,    [     0.908],     1.825
 0.751,     0.808,    [     0.909],     1.832
 0.752,     0.804,    [     0.911],     1.836
 0.750,     0.808,    [     0.911],     1.839

 pctg,    rr,    α,    β
 0.600,     0.731,    [     0.911],     1.839


seed_val:    5
(T=1.0) Metropolis ended with magnetization 0.07755102040816327 after 1000000 iterations
 0.735,     0.751,    [     0.774],     1.836
 0.735,     0.751,    [     0.829],     1.740
 0.746,     0.751,    [     0.852],     1.767
 0.743,     0.751,    [     0.865],     1.806
 0.748,     0.751,    [     0.873],     1.840
 0.751,     0.755,    [     0.878],     1.868
 0.747,     0.755,    [     0.883],     1.880
 0.748,     0.755,    [     0.886],     1.900
 0.747,     0.759,    [     0.887],     1.913
 0.751,     0.751,    [     0.888],     1.917
 0.754,     0.755,    [     0.889],     1.925
 0.752,     0.751,    [     0.889],     1.929
 0.752,     0.755,    [     0.888],     1.938
 0.752,     0.751,    [     0.886],     1.943
 0.758,     0.743,    [     0.885],     1.948

 pctg,    rr,    α,    β
 0.600,     0.771,    [     0.885],     1.948


seed_val:    6
(T=1.0) Metropolis ended with magnetization 0.005714285714285714 after 1000000 iterations
 0.661,     0.731,    [     0.657],     1.597
 0.664,     0.739,    [     0.732],     1.416
 0.671,     0.739,    [     0.769],     1.395
 0.673,     0.731,    [     0.794],     1.407
 0.682,     0.735,    [     0.810],     1.428
 0.679,     0.722,    [     0.823],     1.448
 0.675,     0.722,    [     0.832],     1.466
 0.682,     0.731,    [     0.839],     1.477
 0.680,     0.731,    [     0.843],     1.489
 0.679,     0.731,    [     0.847],     1.499
 0.679,     0.731,    [     0.850],     1.507
 0.679,     0.735,    [     0.852],     1.513
 0.680,     0.731,    [     0.853],     1.520
 0.678,     0.731,    [     0.853],     1.525
 0.682,     0.731,    [     0.853],     1.527

 pctg,    rr,    α,    β
 0.600,     0.755,    [     0.853],     1.527


seed_val:    7
(T=1.0) Metropolis ended with magnetization 0.017142857142857144 after 1000000 iterations
 0.714,     0.763,    [     0.718],     1.664
 0.710,     0.771,    [     0.780],     1.524
 0.721,     0.767,    [     0.808],     1.517
 0.721,     0.771,    [     0.825],     1.540
 0.714,     0.776,    [     0.835],     1.563
 0.712,     0.776,    [     0.842],     1.583
 0.712,     0.776,    [     0.847],     1.597
 0.703,     0.776,    [     0.851],     1.611
 0.716,     0.776,    [     0.854],     1.615
 0.710,     0.771,    [     0.855],     1.622
 0.713,     0.776,    [     0.856],     1.631
 0.714,     0.776,    [     0.857],     1.636
 0.710,     0.776,    [     0.857],     1.635
 0.718,     0.776,    [     0.857],     1.639
 0.716,     0.776,    [     0.857],     1.639

 pctg,    rr,    α,    β
 0.600,     0.767,    [     0.857],     1.639


seed_val:    8
(T=1.0) Metropolis ended with magnetization 0.03183673469387755 after 1000000 iterations
 0.729,     0.763,    [     0.746],     1.713
 0.727,     0.755,    [     0.811],     1.567
 0.728,     0.751,    [     0.842],     1.571
 0.728,     0.751,    [     0.862],     1.596
 0.727,     0.743,    [     0.874],     1.625
 0.736,     0.743,    [     0.882],     1.655
 0.735,     0.743,    [     0.888],     1.677
 0.739,     0.747,    [     0.893],     1.692
 0.733,     0.747,    [     0.896],     1.698
 0.733,     0.747,    [     0.898],     1.710
 0.741,     0.747,    [     0.899],     1.726
 0.748,     0.747,    [     0.899],     1.731
 0.744,     0.747,    [     0.898],     1.735
 0.746,     0.747,    [     0.898],     1.741
 0.748,     0.743,    [     0.896],     1.749

 pctg,    rr,    α,    β
 0.600,     0.759,    [     0.896],     1.749


seed_val:    9
(T=1.0) Metropolis ended with magnetization 0.09224489795918367 after 1000000 iterations
 0.746,     0.824,    [     0.720],     1.731
 0.751,     0.820,    [     0.774],     1.574
 0.758,     0.816,    [     0.796],     1.562
 0.755,     0.800,    [     0.807],     1.582
 0.763,     0.796,    [     0.815],     1.600
 0.759,     0.792,    [     0.821],     1.609
 0.755,     0.796,    [     0.825],     1.620
 0.761,     0.800,    [     0.829],     1.625
 0.759,     0.796,    [     0.831],     1.636
 0.758,     0.796,    [     0.834],     1.634
 0.763,     0.796,    [     0.835],     1.638
 0.762,     0.796,    [     0.836],     1.638
 0.761,     0.796,    [     0.837],     1.639
 0.763,     0.788,    [     0.837],     1.643
 0.756,     0.784,    [     0.838],     1.651

 pctg,    rr,    α,    β
 0.600,     0.763,    [     0.838],     1.651


seed_val:    10
(T=1.0) Metropolis ended with magnetization 0.05795918367346939 after 1000000 iterations
 0.703,     0.767,    [     0.749],     1.749
 0.710,     0.767,    [     0.814],     1.615
 0.710,     0.771,    [     0.845],     1.620
 0.714,     0.767,    [     0.864],     1.646
 0.725,     0.771,    [     0.876],     1.684
 0.732,     0.771,    [     0.885],     1.711
 0.732,     0.771,    [     0.892],     1.733
 0.733,     0.771,    [     0.897],     1.747
 0.739,     0.771,    [     0.900],     1.759
 0.743,     0.771,    [     0.902],     1.771
 0.747,     0.771,    [     0.904],     1.780
 0.748,     0.771,    [     0.905],     1.787
 0.747,     0.771,    [     0.905],     1.791
 0.746,     0.771,    [     0.905],     1.798
 0.752,     0.771,    [     0.905],     1.804

 pctg,    rr,    α,    β
 0.600,     0.800,    [     0.905],     1.804

 trans: ising_35_0.10_0.35,     0.759 ±  0.019
 α, β: [     0.876] ± [     0.027],  1.714 ±  0.128


seed_val:    1
(T=1.0) Metropolis ended with magnetization 0.007346938775510204 after 1000000 iterations
 0.698,     0.784,    [    -0.731],     1.650
 0.701,     0.784,    [    -0.806],     1.519
 0.709,     0.792,    [    -0.844],     1.528
 0.710,     0.792,    [    -0.869],     1.559
 0.707,     0.784,    [    -0.886],     1.598
 0.712,     0.788,    [    -0.899],     1.630
 0.713,     0.784,    [    -0.909],     1.656
 0.709,     0.784,    [    -0.917],     1.676
 0.707,     0.784,    [    -0.923],     1.695
 0.712,     0.784,    [    -0.928],     1.707
 0.712,     0.788,    [    -0.932],     1.719
 0.709,     0.788,    [    -0.936],     1.731
 0.702,     0.776,    [    -0.939],     1.739
 0.706,     0.788,    [    -0.941],     1.752
 0.709,     0.788,    [    -0.943],     1.759

 pctg,    rr,    α,    β
 0.600,     0.763,    [    -0.943],     1.759


seed_val:    2
(T=1.0) Metropolis ended with magnetization 0.0236734693877551 after 1000000 iterations
 0.688,     0.788,    [    -0.726],     1.648
 0.695,     0.800,    [    -0.797],     1.512
 0.686,     0.771,    [    -0.833],     1.515
 0.698,     0.792,    [    -0.856],     1.546
 0.698,     0.776,    [    -0.874],     1.575
 0.702,     0.792,    [    -0.886],     1.600
 0.707,     0.784,    [    -0.896],     1.624
 0.709,     0.784,    [    -0.904],     1.643
 0.697,     0.784,    [    -0.911],     1.659
 0.698,     0.767,    [    -0.916],     1.674
 0.709,     0.763,    [    -0.920],     1.684
 0.710,     0.767,    [    -0.924],     1.693
 0.714,     0.776,    [    -0.927],     1.705
 0.706,     0.771,    [    -0.930],     1.705
 0.710,     0.771,    [    -0.932],     1.712

 pctg,    rr,    α,    β
 0.600,     0.780,    [    -0.932],     1.712


seed_val:    3
(T=1.0) Metropolis ended with magnetization 0.015510204081632653 after 1000000 iterations
 0.678,     0.759,    [    -0.719],     1.642
 0.680,     0.759,    [    -0.790],     1.491
 0.695,     0.767,    [    -0.826],     1.484
 0.694,     0.771,    [    -0.850],     1.510
 0.697,     0.771,    [    -0.868],     1.534
 0.698,     0.780,    [    -0.881],     1.558
 0.694,     0.771,    [    -0.892],     1.582
 0.697,     0.776,    [    -0.900],     1.597
 0.701,     0.771,    [    -0.906],     1.615
 0.697,     0.776,    [    -0.912],     1.631
 0.698,     0.776,    [    -0.916],     1.638
 0.699,     0.780,    [    -0.920],     1.651
 0.698,     0.788,    [    -0.923],     1.659
 0.699,     0.780,    [    -0.926],     1.667
 0.702,     0.780,    [    -0.929],     1.673

 pctg,    rr,    α,    β
 0.600,     0.714,    [    -0.929],     1.673


seed_val:    4
(T=1.0) Metropolis ended with magnetization 0.015510204081632653 after 1000000 iterations
 0.731,     0.780,    [    -0.750],     1.712
 0.725,     0.776,    [    -0.823],     1.582
 0.729,     0.780,    [    -0.860],     1.592
 0.735,     0.788,    [    -0.883],     1.632
 0.733,     0.788,    [    -0.899],     1.668
 0.735,     0.784,    [    -0.911],     1.702
 0.735,     0.784,    [    -0.920],     1.726
 0.733,     0.784,    [    -0.927],     1.752
 0.733,     0.784,    [    -0.933],     1.772
 0.733,     0.784,    [    -0.937],     1.783
 0.735,     0.784,    [    -0.941],     1.794
 0.735,     0.784,    [    -0.944],     1.807
 0.743,     0.784,    [    -0.947],     1.818
 0.736,     0.792,    [    -0.949],     1.822
 0.736,     0.792,    [    -0.952],     1.825

 pctg,    rr,    α,    β
 0.600,     0.776,    [    -0.952],     1.825


seed_val:    5
(T=1.0) Metropolis ended with magnetization 0.005714285714285714 after 1000000 iterations
 0.720,     0.776,    [    -0.754],     1.710
 0.732,     0.771,    [    -0.824],     1.581
 0.728,     0.776,    [    -0.859],     1.590
 0.724,     0.780,    [    -0.882],     1.623
 0.728,     0.780,    [    -0.897],     1.660
 0.725,     0.780,    [    -0.909],     1.693
 0.728,     0.776,    [    -0.918],     1.715
 0.731,     0.771,    [    -0.925],     1.745
 0.735,     0.767,    [    -0.930],     1.760
 0.732,     0.776,    [    -0.935],     1.770
 0.736,     0.776,    [    -0.939],     1.783
 0.740,     0.771,    [    -0.942],     1.797
 0.741,     0.776,    [    -0.945],     1.803
 0.737,     0.784,    [    -0.947],     1.815
 0.737,     0.776,    [    -0.949],     1.821

 pctg,    rr,    α,    β
 0.600,     0.808,    [    -0.949],     1.821


seed_val:    6
(T=1.0) Metropolis ended with magnetization 0.015510204081632653 after 1000000 iterations
 0.676,     0.739,    [    -0.737],     1.685
 0.675,     0.747,    [    -0.807],     1.541
 0.673,     0.751,    [    -0.842],     1.540
 0.676,     0.743,    [    -0.865],     1.564
 0.683,     0.743,    [    -0.881],     1.592
 0.672,     0.743,    [    -0.893],     1.618
 0.678,     0.747,    [    -0.902],     1.642
 0.682,     0.739,    [    -0.910],     1.661
 0.683,     0.743,    [    -0.916],     1.672
 0.680,     0.743,    [    -0.921],     1.686
 0.683,     0.743,    [    -0.925],     1.698
 0.684,     0.743,    [    -0.928],     1.706
 0.682,     0.739,    [    -0.931],     1.715
 0.686,     0.751,    [    -0.933],     1.723
 0.680,     0.739,    [    -0.936],     1.730

 pctg,    rr,    α,    β
 0.600,     0.751,    [    -0.936],     1.730


seed_val:    7
(T=1.0) Metropolis ended with magnetization 0.0008163265306122449 after 1000000 iterations
 0.684,     0.767,    [    -0.745],     1.695
 0.682,     0.771,    [    -0.818],     1.579
 0.688,     0.767,    [    -0.855],     1.584
 0.687,     0.776,    [    -0.878],     1.619
 0.688,     0.763,    [    -0.895],     1.653
 0.691,     0.763,    [    -0.906],     1.683
 0.684,     0.763,    [    -0.916],     1.708
 0.682,     0.763,    [    -0.923],     1.737
 0.690,     0.763,    [    -0.929],     1.750
 0.691,     0.767,    [    -0.933],     1.763
 0.686,     0.771,    [    -0.937],     1.775
 0.690,     0.759,    [    -0.940],     1.785
 0.693,     0.763,    [    -0.943],     1.790
 0.690,     0.767,    [    -0.946],     1.800
 0.688,     0.755,    [    -0.948],     1.807

 pctg,    rr,    α,    β
 0.600,     0.784,    [    -0.948],     1.807


seed_val:    8
(T=1.0) Metropolis ended with magnetization 0.010612244897959184 after 1000000 iterations
 0.657,     0.739,    [    -0.646],     1.522
 0.672,     0.759,    [    -0.728],     1.371
 0.682,     0.763,    [    -0.773],     1.369
 0.686,     0.771,    [    -0.802],     1.392
 0.683,     0.780,    [    -0.825],     1.421
 0.686,     0.771,    [    -0.841],     1.450
 0.691,     0.763,    [    -0.854],     1.472
 0.691,     0.776,    [    -0.864],     1.488
 0.694,     0.788,    [    -0.873],     1.501
 0.699,     0.784,    [    -0.880],     1.515
 0.701,     0.776,    [    -0.886],     1.530
 0.705,     0.763,    [    -0.891],     1.537
 0.702,     0.763,    [    -0.895],     1.544
 0.695,     0.771,    [    -0.898],     1.553
 0.702,     0.771,    [    -0.902],     1.564

 pctg,    rr,    α,    β
 0.600,     0.759,    [    -0.902],     1.564


seed_val:    9
(T=1.0) Metropolis ended with magnetization 0.015510204081632653 after 1000000 iterations
 0.688,     0.751,    [    -0.720],     1.650
 0.691,     0.747,    [    -0.790],     1.501
 0.686,     0.731,    [    -0.826],     1.498
 0.684,     0.731,    [    -0.849],     1.523
 0.680,     0.722,    [    -0.867],     1.553
 0.688,     0.727,    [    -0.879],     1.577
 0.693,     0.735,    [    -0.889],     1.602
 0.680,     0.739,    [    -0.897],     1.615
 0.683,     0.739,    [    -0.903],     1.634
 0.684,     0.735,    [    -0.909],     1.644
 0.679,     0.743,    [    -0.913],     1.651
 0.683,     0.739,    [    -0.917],     1.658
 0.680,     0.727,    [    -0.920],     1.670
 0.684,     0.751,    [    -0.923],     1.685
 0.679,     0.739,    [    -0.925],     1.692

 pctg,    rr,    α,    β
 0.600,     0.751,    [    -0.925],     1.692


seed_val:    10
(T=1.0) Metropolis ended with magnetization 0.0236734693877551 after 1000000 iterations
 0.724,     0.767,    [    -0.716],     1.629
 0.725,     0.792,    [    -0.787],     1.477
 0.729,     0.792,    [    -0.823],     1.471
 0.725,     0.800,    [    -0.848],     1.490
 0.707,     0.788,    [    -0.865],     1.519
 0.714,     0.792,    [    -0.877],     1.544
 0.725,     0.796,    [    -0.888],     1.565
 0.717,     0.796,    [    -0.896],     1.579
 0.725,     0.800,    [    -0.902],     1.597
 0.725,     0.800,    [    -0.908],     1.606
 0.722,     0.796,    [    -0.912],     1.617
 0.721,     0.804,    [    -0.916],     1.625
 0.725,     0.800,    [    -0.920],     1.633
 0.721,     0.796,    [    -0.922],     1.644
 0.724,     0.792,    [    -0.925],     1.654

 pctg,    rr,    α,    β
 0.600,     0.755,    [    -0.925],     1.654

 trans: ising_35_0.10_-0.35,     0.764 ±  0.025
 α, β: [    -0.934] ± [     0.015],  1.724 ±  0.083


seed_val:    1
 0.559,     0.668,    [     0.854],     3.278
 0.650,     0.699,    [     0.887],     3.807
 0.672,     0.702,    [     0.901],     4.421
 0.683,     0.707,    [     0.911],     4.853
 0.695,     0.715,    [     0.919],     5.187
 0.706,     0.724,    [     0.926],     5.433
 0.721,     0.735,    [     0.932],     5.658
 0.726,     0.741,    [     0.937],     5.894
 0.728,     0.738,    [     0.942],     6.071
 0.732,     0.738,    [     0.946],     6.226
 0.738,     0.740,    [     0.949],     6.439
 0.744,     0.744,    [     0.952],     6.575
 0.745,     0.741,    [     0.954],     6.673
 0.751,     0.747,    [     0.956],     6.831
 0.759,     0.759,    [     0.958],     6.985

 pctg,    rr,    α,    β
 0.600,     0.764,    [     0.958],     6.985


seed_val:    2
 0.432,     0.634,    [     0.885],     2.466
 0.605,     0.719,    [     0.910],     3.044
 0.660,     0.715,    [     0.914],     3.849
 0.681,     0.721,    [     0.916],     4.471
 0.688,     0.722,    [     0.920],     4.856
 0.704,     0.741,    [     0.924],     5.115
 0.697,     0.722,    [     0.928],     5.283
 0.710,     0.733,    [     0.932],     5.445
 0.717,     0.736,    [     0.935],     5.626
 0.724,     0.741,    [     0.938],     5.728
 0.722,     0.736,    [     0.941],     5.825
 0.728,     0.736,    [     0.943],     5.905
 0.736,     0.749,    [     0.945],     6.045
 0.740,     0.754,    [     0.947],     6.166
 0.738,     0.743,    [     0.949],     6.253

 pctg,    rr,    α,    β
 0.600,     0.779,    [     0.949],     6.253


seed_val:    3
 0.446,     0.575,    [     0.890],     2.575
 0.549,     0.631,    [     0.921],     2.973
 0.659,     0.699,    [     0.935],     3.656
 0.699,     0.693,    [     0.938],     4.527
 0.713,     0.706,    [     0.940],     5.125
 0.709,     0.695,    [     0.943],     5.466
 0.714,     0.700,    [     0.945],     5.637
 0.728,     0.715,    [     0.947],     5.843
 0.722,     0.702,    [     0.950],     5.975
 0.732,     0.716,    [     0.951],     6.053
 0.739,     0.724,    [     0.953],     6.188
 0.738,     0.718,    [     0.954],     6.293
 0.750,     0.732,    [     0.955],     6.381
 0.747,     0.725,    [     0.956],     6.491
 0.751,     0.729,    [     0.957],     6.508

 pctg,    rr,    α,    β
 0.600,     0.710,    [     0.957],     6.508


seed_val:    4
 0.572,     0.678,    [     0.875],     3.573
 0.646,     0.645,    [     0.912],     4.019
 0.694,     0.659,    [     0.920],     4.697
 0.703,     0.654,    [     0.924],     5.156
 0.717,     0.667,    [     0.929],     5.475
 0.724,     0.667,    [     0.933],     5.711
 0.735,     0.684,    [     0.937],     5.930
 0.739,     0.680,    [     0.939],     6.084
 0.734,     0.660,    [     0.942],     6.155
 0.740,     0.665,    [     0.944],     6.275
 0.735,     0.656,    [     0.945],     6.395
 0.746,     0.670,    [     0.947],     6.484
 0.744,     0.661,    [     0.948],     6.585
 0.748,     0.664,    [     0.949],     6.656
 0.738,     0.639,    [     0.949],     6.696

 pctg,    rr,    α,    β
 0.600,     0.749,    [     0.949],     6.696


seed_val:    5
 0.549,     0.663,    [     0.857],     3.369
 0.646,     0.725,    [     0.893],     3.829
 0.673,     0.741,    [     0.907],     4.451
 0.682,     0.743,    [     0.918],     4.862
 0.690,     0.747,    [     0.925],     5.143
 0.702,     0.750,    [     0.932],     5.401
 0.710,     0.749,    [     0.937],     5.601
 0.711,     0.746,    [     0.942],     5.751
 0.713,     0.748,    [     0.945],     5.871
 0.722,     0.753,    [     0.948],     6.067
 0.726,     0.752,    [     0.950],     6.165
 0.726,     0.751,    [     0.952],     6.253
 0.737,     0.760,    [     0.953],     6.407
 0.739,     0.756,    [     0.955],     6.532
 0.736,     0.753,    [     0.956],     6.662

 pctg,    rr,    α,    β
 0.600,     0.762,    [     0.956],     6.662


seed_val:    6
 0.420,     0.561,    [     0.881],     2.456
 0.628,     0.647,    [     0.906],     3.015
 0.677,     0.679,    [     0.906],     3.972
 0.689,     0.692,    [     0.909],     4.647
 0.703,     0.706,    [     0.915],     5.046
 0.709,     0.713,    [     0.921],     5.364
 0.720,     0.714,    [     0.926],     5.598
 0.728,     0.716,    [     0.931],     5.779
 0.738,     0.725,    [     0.936],     6.015
 0.727,     0.707,    [     0.939],     6.175
 0.731,     0.698,    [     0.943],     6.357
 0.746,     0.709,    [     0.946],     6.520
 0.742,     0.712,    [     0.948],     6.643
 0.748,     0.713,    [     0.951],     6.805
 0.749,     0.714,    [     0.952],     6.893

 pctg,    rr,    α,    β
 0.600,     0.747,    [     0.952],     6.893


seed_val:    7
 0.617,     0.727,    [     0.815],     3.800
 0.650,     0.741,    [     0.849],     4.028
 0.671,     0.759,    [     0.870],     4.319
 0.681,     0.764,    [     0.885],     4.599
 0.690,     0.769,    [     0.898],     4.846
 0.705,     0.781,    [     0.907],     5.082
 0.714,     0.786,    [     0.916],     5.312
 0.721,     0.790,    [     0.922],     5.478
 0.723,     0.791,    [     0.927],     5.616
 0.731,     0.798,    [     0.930],     5.747
 0.735,     0.797,    [     0.934],     5.955
 0.742,     0.802,    [     0.937],     6.132
 0.749,     0.807,    [     0.940],     6.250
 0.748,     0.805,    [     0.942],     6.320
 0.748,     0.801,    [     0.945],     6.489

 pctg,    rr,    α,    β
 0.600,     0.684,    [     0.945],     6.489


seed_val:    8
 0.557,     0.638,    [     0.849],     3.383
 0.638,     0.666,    [     0.876],     3.881
 0.671,     0.691,    [     0.888],     4.396
 0.689,     0.699,    [     0.899],     4.876
 0.704,     0.700,    [     0.908],     5.275
 0.714,     0.701,    [     0.916],     5.581
 0.721,     0.714,    [     0.922],     5.827
 0.728,     0.717,    [     0.928],     6.132
 0.747,     0.728,    [     0.933],     6.370
 0.747,     0.727,    [     0.936],     6.542
 0.757,     0.732,    [     0.940],     6.805
 0.757,     0.726,    [     0.943],     6.956
 0.750,     0.726,    [     0.945],     7.034
 0.767,     0.743,    [     0.947],     7.226
 0.770,     0.744,    [     0.948],     7.291

 pctg,    rr,    α,    β
 0.600,     0.761,    [     0.948],     7.291


seed_val:    9
 0.533,     0.640,    [     0.876],     3.069
 0.636,     0.718,    [     0.908],     3.556
 0.685,     0.759,    [     0.918],     4.313
 0.697,     0.771,    [     0.924],     4.877
 0.709,     0.779,    [     0.931],     5.258
 0.717,     0.785,    [     0.937],     5.552
 0.716,     0.784,    [     0.942],     5.773
 0.734,     0.793,    [     0.946],     5.988
 0.732,     0.784,    [     0.949],     6.223
 0.736,     0.782,    [     0.952],     6.390
 0.727,     0.773,    [     0.955],     6.526
 0.737,     0.780,    [     0.957],     6.716
 0.744,     0.785,    [     0.959],     6.838
 0.754,     0.790,    [     0.960],     6.980
 0.745,     0.780,    [     0.962],     7.063

 pctg,    rr,    α,    β
 0.600,     0.719,    [     0.962],     7.063


seed_val:    10
 0.522,     0.648,    [     0.876],     2.948
 0.672,     0.719,    [     0.903],     3.621
 0.697,     0.700,    [     0.910],     4.336
 0.710,     0.706,    [     0.915],     4.741
 0.719,     0.711,    [     0.921],     5.056
 0.727,     0.717,    [     0.926],     5.253
 0.737,     0.725,    [     0.929],     5.460
 0.745,     0.739,    [     0.932],     5.614
 0.745,     0.738,    [     0.935],     5.712
 0.758,     0.755,    [     0.938],     5.965
 0.758,     0.743,    [     0.941],     6.193
 0.768,     0.755,    [     0.943],     6.321
 0.775,     0.761,    [     0.945],     6.490
 0.770,     0.748,    [     0.947],     6.616
 0.760,     0.728,    [     0.948],     6.640

 pctg,    rr,    α,    β
 0.600,     0.719,    [     0.948],     6.640

 trans: county_income_2012,     0.740 ±  0.030
 α, β: [     0.952] ± [     0.006],  6.748 ±  0.310


seed_val:    1
 0.233,     0.323,    [     0.826],     2.067
 0.368,     0.411,    [     0.848],     2.204
 0.527,     0.523,    [     0.845],     2.631
 0.629,     0.605,    [     0.830],     3.287
 0.667,     0.640,    [     0.818],     3.894
 0.690,     0.667,    [     0.814],     4.358
 0.705,     0.683,    [     0.814],     4.693
 0.715,     0.690,    [     0.816],     4.948
 0.721,     0.692,    [     0.820],     5.126
 0.726,     0.698,    [     0.823],     5.238
 0.729,     0.696,    [     0.826],     5.367
 0.733,     0.696,    [     0.828],     5.448
 0.735,     0.698,    [     0.829],     5.541
 0.735,     0.693,    [     0.831],     5.591
 0.741,     0.700,    [     0.832],     5.673

 pctg,    rr,    α,    β
 0.600,     0.723,    [     0.832],     5.673


seed_val:    2
 0.543,     0.587,    [     0.761],     3.059
 0.618,     0.631,    [     0.780],     3.250
 0.652,     0.661,    [     0.782],     3.599
 0.680,     0.677,    [     0.785],     3.972
 0.691,     0.679,    [     0.791],     4.284
 0.700,     0.682,    [     0.801],     4.513
 0.705,     0.687,    [     0.810],     4.692
 0.713,     0.691,    [     0.817],     4.848
 0.716,     0.691,    [     0.825],     4.997
 0.723,     0.693,    [     0.831],     5.119
 0.727,     0.692,    [     0.835],     5.222
 0.733,     0.693,    [     0.840],     5.320
 0.735,     0.689,    [     0.843],     5.427
 0.737,     0.689,    [     0.847],     5.521
 0.741,     0.691,    [     0.850],     5.602

 pctg,    rr,    α,    β
 0.600,     0.741,    [     0.850],     5.602


seed_val:    3
 0.401,     0.482,    [     0.812],     2.506
 0.524,     0.575,    [     0.831],     2.727
 0.603,     0.642,    [     0.824],     3.217
 0.641,     0.677,    [     0.817],     3.662
 0.657,     0.693,    [     0.812],     4.003
 0.671,     0.705,    [     0.810],     4.249
 0.686,     0.722,    [     0.809],     4.472
 0.696,     0.726,    [     0.810],     4.659
 0.706,     0.735,    [     0.812],     4.815
 0.710,     0.743,    [     0.813],     4.936
 0.717,     0.746,    [     0.817],     5.071
 0.718,     0.741,    [     0.819],     5.151
 0.721,     0.744,    [     0.822],     5.222
 0.727,     0.750,    [     0.824],     5.306
 0.727,     0.749,    [     0.827],     5.336

 pctg,    rr,    α,    β
 0.600,     0.670,    [     0.827],     5.336


seed_val:    4
 0.400,     0.454,    [     0.814],     2.484
 0.526,     0.525,    [     0.833],     2.726
 0.611,     0.585,    [     0.827],     3.224
 0.646,     0.615,    [     0.820],     3.694
 0.671,     0.642,    [     0.817],     4.079
 0.683,     0.658,    [     0.818],     4.373
 0.695,     0.669,    [     0.820],     4.607
 0.702,     0.675,    [     0.824],     4.792
 0.709,     0.681,    [     0.828],     4.951
 0.712,     0.681,    [     0.833],     5.079
 0.716,     0.685,    [     0.837],     5.196
 0.718,     0.678,    [     0.842],     5.295
 0.725,     0.681,    [     0.845],     5.381
 0.728,     0.678,    [     0.848],     5.475
 0.729,     0.679,    [     0.851],     5.550

 pctg,    rr,    α,    β
 0.600,     0.728,    [     0.851],     5.550


seed_val:    5
 0.415,     0.493,    [     0.771],     2.583
 0.533,     0.543,    [     0.785],     2.734
 0.588,     0.574,    [     0.784],     3.091
 0.628,     0.616,    [     0.785],     3.460
 0.661,     0.639,    [     0.788],     3.832
 0.683,     0.650,    [     0.793],     4.179
 0.696,     0.666,    [     0.800],     4.474
 0.705,     0.654,    [     0.806],     4.686
 0.710,     0.654,    [     0.812],     4.859
 0.717,     0.659,    [     0.819],     5.004
 0.722,     0.664,    [     0.824],     5.153
 0.726,     0.663,    [     0.829],     5.278
 0.726,     0.658,    [     0.833],     5.341
 0.734,     0.662,    [     0.838],     5.445
 0.736,     0.665,    [     0.840],     5.544

 pctg,    rr,    α,    β
 0.600,     0.717,    [     0.840],     5.544


seed_val:    6
 0.413,     0.506,    [     0.784],     2.519
 0.589,     0.595,    [     0.800],     2.794
 0.648,     0.646,    [     0.785],     3.393
 0.675,     0.677,    [     0.776],     3.915
 0.692,     0.687,    [     0.774],     4.308
 0.701,     0.688,    [     0.779],     4.574
 0.710,     0.693,    [     0.784],     4.773
 0.713,     0.694,    [     0.790],     4.921
 0.718,     0.701,    [     0.796],     5.053
 0.724,     0.703,    [     0.801],     5.184
 0.726,     0.705,    [     0.806],     5.289
 0.730,     0.701,    [     0.810],     5.382
 0.735,     0.697,    [     0.813],     5.477
 0.736,     0.700,    [     0.815],     5.557
 0.738,     0.702,    [     0.819],     5.631

 pctg,    rr,    α,    β
 0.600,     0.715,    [     0.819],     5.631


seed_val:    7
 0.478,     0.570,    [     0.762],     2.945
 0.553,     0.627,    [     0.777],     3.102
 0.586,     0.658,    [     0.780],     3.362
 0.610,     0.674,    [     0.781],     3.619
 0.631,     0.699,    [     0.784],     3.851
 0.647,     0.717,    [     0.788],     4.083
 0.658,     0.728,    [     0.794],     4.267
 0.667,     0.736,    [     0.801],     4.452
 0.676,     0.743,    [     0.807],     4.611
 0.685,     0.750,    [     0.813],     4.762
 0.687,     0.743,    [     0.819],     4.928
 0.697,     0.752,    [     0.826],     5.073
 0.702,     0.755,    [     0.832],     5.195
 0.704,     0.760,    [     0.837],     5.297
 0.708,     0.758,    [     0.842],     5.397

 pctg,    rr,    α,    β
 0.600,     0.714,    [     0.842],     5.397


seed_val:    8
 0.489,     0.514,    [     0.723],     2.858
 0.606,     0.587,    [     0.723],     3.133
 0.654,     0.629,    [     0.720],     3.583
 0.679,     0.649,    [     0.725],     4.002
 0.694,     0.659,    [     0.734],     4.341
 0.707,     0.670,    [     0.745],     4.616
 0.716,     0.681,    [     0.756],     4.834
 0.724,     0.691,    [     0.765],     5.061
 0.735,     0.691,    [     0.773],     5.258
 0.741,     0.698,    [     0.779],     5.429
 0.746,     0.701,    [     0.786],     5.576
 0.750,     0.698,    [     0.791],     5.702
 0.754,     0.695,    [     0.796],     5.810
 0.755,     0.699,    [     0.800],     5.914
 0.757,     0.702,    [     0.804],     5.973

 pctg,    rr,    α,    β
 0.600,     0.721,    [     0.804],     5.973


seed_val:    9
 0.443,     0.528,    [     0.790],     2.778
 0.542,     0.616,    [     0.818],     2.889
 0.602,     0.661,    [     0.821],     3.291
 0.637,     0.690,    [     0.821],     3.722
 0.664,     0.716,    [     0.821],     4.124
 0.679,     0.727,    [     0.825],     4.465
 0.694,     0.735,    [     0.828],     4.727
 0.701,     0.737,    [     0.833],     4.935
 0.708,     0.738,    [     0.837],     5.104
 0.710,     0.736,    [     0.841],     5.219
 0.714,     0.739,    [     0.844],     5.305
 0.720,     0.743,    [     0.849],     5.392
 0.722,     0.743,    [     0.851],     5.490
 0.727,     0.746,    [     0.853],     5.556
 0.729,     0.744,    [     0.854],     5.648

 pctg,    rr,    α,    β
 0.600,     0.708,    [     0.854],     5.648


seed_val:    10
 0.237,     0.339,    [     0.846],     2.111
 0.311,     0.403,    [     0.873],     2.149
 0.453,     0.507,    [     0.881],     2.401
 0.619,     0.635,    [     0.871],     3.012
 0.681,     0.686,    [     0.856],     3.747
 0.707,     0.707,    [     0.846],     4.345
 0.716,     0.704,    [     0.842],     4.739
 0.722,     0.705,    [     0.841],     4.948
 0.726,     0.701,    [     0.841],     5.092
 0.729,     0.707,    [     0.842],     5.190
 0.733,     0.704,    [     0.843],     5.281
 0.736,     0.699,    [     0.845],     5.357
 0.739,     0.703,    [     0.846],     5.412
 0.740,     0.697,    [     0.846],     5.473
 0.741,     0.699,    [     0.846],     5.512

 pctg,    rr,    α,    β
 0.600,     0.720,    [     0.846],     5.512

 trans: county_education_2012,     0.716 ±  0.018
 α, β: [     0.836] ± [     0.016],  5.586 ±  0.173


seed_val:    1
 0.542,     0.665,    [     0.917],     3.093
 0.627,     0.697,    [     0.950],     3.745
 0.682,     0.726,    [     0.965],     4.580
 0.700,     0.733,    [     0.973],     5.351
 0.713,     0.737,    [     0.978],     5.901
 0.721,     0.746,    [     0.982],     6.299
 0.726,     0.744,    [     0.985],     6.578
 0.734,     0.756,    [     0.987],     6.846
 0.739,     0.758,    [     0.988],     7.074
 0.740,     0.761,    [     0.989],     7.193
 0.742,     0.761,    [     0.990],     7.329
 0.747,     0.764,    [     0.991],     7.414
 0.743,     0.760,    [     0.992],     7.462
 0.745,     0.760,    [     0.992],     7.575
 0.750,     0.767,    [     0.993],     7.687

 pctg,    rr,    α,    β
 0.600,     0.760,    [     0.993],     7.687


seed_val:    2
 0.528,     0.705,    [     0.908],     3.126
 0.627,     0.740,    [     0.947],     3.849
 0.679,     0.762,    [     0.964],     4.757
 0.691,     0.766,    [     0.973],     5.476
 0.703,     0.770,    [     0.978],     5.997
 0.716,     0.775,    [     0.981],     6.382
 0.720,     0.780,    [     0.984],     6.655
 0.726,     0.782,    [     0.986],     6.898
 0.726,     0.781,    [     0.988],     7.050
 0.731,     0.783,    [     0.989],     7.194
 0.737,     0.786,    [     0.990],     7.331
 0.738,     0.786,    [     0.991],     7.444
 0.735,     0.785,    [     0.991],     7.492
 0.734,     0.780,    [     0.992],     7.544
 0.741,     0.783,    [     0.992],     7.666

 pctg,    rr,    α,    β
 0.600,     0.784,    [     0.992],     7.666


seed_val:    3
 0.532,     0.669,    [     0.920],     3.034
 0.608,     0.694,    [     0.953],     3.744
 0.647,     0.707,    [     0.968],     4.524
 0.670,     0.713,    [     0.976],     5.249
 0.685,     0.715,    [     0.981],     5.861
 0.689,     0.716,    [     0.984],     6.277
 0.691,     0.718,    [     0.986],     6.490
 0.699,     0.720,    [     0.988],     6.745
 0.704,     0.721,    [     0.989],     6.893
 0.711,     0.726,    [     0.990],     7.082
 0.713,     0.727,    [     0.991],     7.223
 0.718,     0.732,    [     0.992],     7.358
 0.721,     0.733,    [     0.992],     7.447
 0.725,     0.733,    [     0.993],     7.546
 0.720,     0.730,    [     0.993],     7.606

 pctg,    rr,    α,    β
 0.600,     0.807,    [     0.993],     7.606


seed_val:    4
 0.520,     0.687,    [     0.924],     2.847
 0.589,     0.710,    [     0.953],     3.489
 0.656,     0.734,    [     0.966],     4.182
 0.687,     0.737,    [     0.974],     4.854
 0.718,     0.743,    [     0.979],     5.488
 0.735,     0.742,    [     0.982],     6.072
 0.745,     0.747,    [     0.985],     6.495
 0.748,     0.741,    [     0.987],     6.834
 0.754,     0.742,    [     0.988],     7.068
 0.755,     0.739,    [     0.989],     7.241
 0.762,     0.746,    [     0.990],     7.434
 0.765,     0.748,    [     0.991],     7.575
 0.769,     0.753,    [     0.992],     7.736
 0.767,     0.743,    [     0.993],     7.777
 0.770,     0.744,    [     0.993],     7.866

 pctg,    rr,    α,    β
 0.600,     0.716,    [     0.993],     7.866


seed_val:    5
 0.534,     0.683,    [     0.924],     2.766
 0.635,     0.740,    [     0.949],     3.571
 0.674,     0.752,    [     0.963],     4.436
 0.698,     0.765,    [     0.972],     5.162
 0.715,     0.768,    [     0.977],     5.720
 0.728,     0.772,    [     0.981],     6.155
 0.734,     0.774,    [     0.984],     6.490
 0.743,     0.778,    [     0.986],     6.779
 0.744,     0.774,    [     0.988],     6.982
 0.749,     0.775,    [     0.989],     7.143
 0.752,     0.769,    [     0.990],     7.287
 0.756,     0.770,    [     0.991],     7.423
 0.757,     0.770,    [     0.991],     7.551
 0.759,     0.777,    [     0.992],     7.659
 0.761,     0.771,    [     0.992],     7.765

 pctg,    rr,    α,    β
 0.600,     0.757,    [     0.992],     7.765


seed_val:    6
 0.582,     0.747,    [     0.912],     3.246
 0.684,     0.801,    [     0.950],     3.962
 0.717,     0.808,    [     0.965],     4.950
 0.725,     0.806,    [     0.974],     5.675
 0.735,     0.814,    [     0.979],     6.225
 0.738,     0.817,    [     0.983],     6.558
 0.741,     0.813,    [     0.985],     6.854
 0.741,     0.813,    [     0.987],     7.069
 0.738,     0.808,    [     0.989],     7.235
 0.752,     0.819,    [     0.990],     7.403
 0.752,     0.817,    [     0.991],     7.580
 0.756,     0.818,    [     0.992],     7.736
 0.755,     0.815,    [     0.992],     7.853
 0.755,     0.814,    [     0.993],     7.913
 0.757,     0.814,    [     0.993],     7.990

 pctg,    rr,    α,    β
 0.600,     0.770,    [     0.993],     7.990


seed_val:    7
 0.585,     0.733,    [     0.913],     3.279
 0.671,     0.762,    [     0.949],     3.993
 0.706,     0.769,    [     0.965],     4.739
 0.720,     0.769,    [     0.973],     5.385
 0.726,     0.764,    [     0.978],     5.844
 0.732,     0.760,    [     0.981],     6.187
 0.737,     0.765,    [     0.983],     6.439
 0.736,     0.760,    [     0.985],     6.597
 0.736,     0.759,    [     0.987],     6.788
 0.736,     0.755,    [     0.988],     6.905
 0.738,     0.753,    [     0.989],     6.968
 0.734,     0.748,    [     0.989],     7.057
 0.742,     0.755,    [     0.990],     7.120
 0.735,     0.746,    [     0.990],     7.149
 0.742,     0.750,    [     0.991],     7.266

 pctg,    rr,    α,    β
 0.600,     0.786,    [     0.991],     7.266


seed_val:    8
 0.622,     0.742,    [     0.919],     3.375
 0.693,     0.762,    [     0.952],     4.189
 0.718,     0.761,    [     0.968],     5.017
 0.727,     0.753,    [     0.976],     5.736
 0.740,     0.758,    [     0.981],     6.289
 0.748,     0.765,    [     0.984],     6.631
 0.756,     0.768,    [     0.986],     6.874
 0.761,     0.771,    [     0.988],     7.093
 0.767,     0.777,    [     0.989],     7.265
 0.764,     0.770,    [     0.990],     7.400
 0.771,     0.776,    [     0.991],     7.491
 0.772,     0.774,    [     0.992],     7.584
 0.767,     0.764,    [     0.992],     7.649
 0.776,     0.777,    [     0.993],     7.745
 0.772,     0.767,    [     0.993],     7.785

 pctg,    rr,    α,    β
 0.600,     0.731,    [     0.993],     7.785


seed_val:    9
 0.613,     0.721,    [     0.919],     3.312
 0.682,     0.737,    [     0.953],     4.034
 0.719,     0.745,    [     0.968],     4.849
 0.727,     0.735,    [     0.976],     5.541
 0.737,     0.737,    [     0.981],     6.063
 0.738,     0.734,    [     0.985],     6.422
 0.742,     0.736,    [     0.987],     6.682
 0.746,     0.738,    [     0.989],     6.887
 0.751,     0.742,    [     0.990],     7.025
 0.751,     0.743,    [     0.991],     7.172
 0.755,     0.747,    [     0.992],     7.284
 0.753,     0.745,    [     0.992],     7.361
 0.759,     0.748,    [     0.993],     7.453
 0.759,     0.750,    [     0.993],     7.546
 0.761,     0.752,    [     0.994],     7.659

 pctg,    rr,    α,    β
 0.600,     0.790,    [     0.994],     7.659


seed_val:    10
 0.583,     0.730,    [     0.924],     3.139
 0.656,     0.741,    [     0.953],     3.858
 0.683,     0.740,    [     0.967],     4.575
 0.699,     0.732,    [     0.974],     5.145
 0.713,     0.737,    [     0.978],     5.629
 0.727,     0.751,    [     0.982],     6.023
 0.731,     0.748,    [     0.984],     6.342
 0.731,     0.742,    [     0.986],     6.523
 0.735,     0.747,    [     0.988],     6.710
 0.741,     0.754,    [     0.989],     6.858
 0.745,     0.759,    [     0.990],     7.036
 0.747,     0.758,    [     0.991],     7.183
 0.747,     0.755,    [     0.992],     7.267
 0.747,     0.754,    [     0.992],     7.362
 0.753,     0.758,    [     0.993],     7.439

 pctg,    rr,    α,    β
 0.600,     0.783,    [     0.993],     7.439

 trans: county_unemployment_2012,     0.768 ±  0.028
 α, β: [     0.993] ± [     0.001],  7.673 ±  0.207


seed_val:    1
 0.185,     0.368,    [     0.623],    11.898
 0.354,     0.458,    [     0.673],    16.988
 0.430,     0.505,    [     0.738],    22.399
 0.486,     0.538,    [     0.804],    27.664
 0.525,     0.565,    [     0.853],    32.650
 0.556,     0.592,    [     0.888],    37.544
 0.582,     0.596,    [     0.913],    41.618
 0.594,     0.597,    [     0.929],    45.355
 0.619,     0.623,    [     0.941],    48.489
 0.627,     0.622,    [     0.949],    51.102
 0.638,     0.623,    [     0.955],    53.259
 0.647,     0.626,    [     0.959],    55.035
 0.652,     0.622,    [     0.963],    56.872
 0.658,     0.628,    [     0.966],    57.907
 0.659,     0.621,    [     0.969],    59.316

 pctg,    rr,    α,    β
 0.600,     0.635,    [     0.969],    59.316


seed_val:    2
 0.254,     0.363,    [     0.487],    14.556
 0.370,     0.486,    [     0.617],    18.639
 0.439,     0.547,    [     0.726],    23.324
 0.492,     0.583,    [     0.808],    28.396
 0.538,     0.609,    [     0.863],    33.625
 0.565,     0.620,    [     0.899],    38.621
 0.588,     0.616,    [     0.921],    42.647
 0.609,     0.628,    [     0.936],    46.316
 0.615,     0.609,    [     0.946],    49.015
 0.617,     0.594,    [     0.954],    51.300
 0.624,     0.594,    [     0.959],    52.912
 0.638,     0.600,    [     0.963],    54.479
 0.641,     0.597,    [     0.966],    55.915
 0.648,     0.589,    [     0.968],    56.900
 0.646,     0.585,    [     0.971],    58.101

 pctg,    rr,    α,    β
 0.600,     0.655,    [     0.971],    58.101


seed_val:    3
 0.128,     0.254,    [     0.490],    12.805
 0.315,     0.418,    [     0.586],    16.209
 0.418,     0.507,    [     0.673],    20.359
 0.499,     0.568,    [     0.751],    25.207
 0.553,     0.611,    [     0.815],    30.661
 0.589,     0.641,    [     0.863],    35.848
 0.602,     0.646,    [     0.894],    40.282
 0.616,     0.655,    [     0.916],    44.054
 0.632,     0.668,    [     0.932],    47.599
 0.628,     0.663,    [     0.942],    49.864
 0.639,     0.667,    [     0.950],    52.038
 0.647,     0.668,    [     0.956],    53.483
 0.650,     0.663,    [     0.960],    54.890
 0.636,     0.650,    [     0.964],    56.243
 0.654,     0.664,    [     0.967],    57.284

 pctg,    rr,    α,    β
 0.600,     0.622,    [     0.967],    57.284


seed_val:    4
 0.202,     0.269,    [     0.444],    14.353
 0.370,     0.408,    [     0.578],    17.734
 0.441,     0.471,    [     0.688],    22.110
 0.486,     0.505,    [     0.776],    26.698
 0.536,     0.546,    [     0.838],    31.578
 0.562,     0.564,    [     0.879],    36.440
 0.589,     0.575,    [     0.907],    41.215
 0.607,     0.576,    [     0.926],    45.126
 0.614,     0.560,    [     0.939],    48.324
 0.617,     0.572,    [     0.948],    50.804
 0.627,     0.579,    [     0.954],    52.981
 0.638,     0.583,    [     0.960],    54.990
 0.639,     0.582,    [     0.964],    56.558
 0.644,     0.579,    [     0.967],    57.840
 0.639,     0.560,    [     0.970],    58.987

 pctg,    rr,    α,    β
 0.600,     0.604,    [     0.970],    58.987


seed_val:    5
 0.225,     0.272,    [     0.446],    14.339
 0.356,     0.407,    [     0.561],    17.686
 0.441,     0.491,    [     0.662],    21.871
 0.495,     0.542,    [     0.749],    26.592
 0.540,     0.563,    [     0.816],    31.571
 0.576,     0.585,    [     0.863],    36.387
 0.600,     0.603,    [     0.895],    40.923
 0.622,     0.618,    [     0.917],    44.961
 0.629,     0.620,    [     0.932],    47.962
 0.621,     0.604,    [     0.942],    50.268
 0.650,     0.627,    [     0.950],    52.394
 0.653,     0.619,    [     0.956],    53.872
 0.663,     0.628,    [     0.960],    55.128
 0.652,     0.626,    [     0.964],    56.381
 0.666,     0.622,    [     0.966],    57.357

 pctg,    rr,    α,    β
 0.600,     0.620,    [     0.966],    57.357


seed_val:    6
 0.308,     0.411,    [     0.384],    16.311
 0.408,     0.506,    [     0.535],    19.578
 0.473,     0.557,    [     0.655],    23.840
 0.504,     0.582,    [     0.750],    28.355
 0.550,     0.610,    [     0.816],    33.015
 0.584,     0.638,    [     0.862],    37.603
 0.595,     0.628,    [     0.893],    41.764
 0.608,     0.634,    [     0.914],    45.204
 0.615,     0.639,    [     0.928],    47.705
 0.625,     0.647,    [     0.938],    49.858
 0.632,     0.641,    [     0.946],    51.883
 0.628,     0.620,    [     0.952],    53.154
 0.636,     0.628,    [     0.956],    54.536
 0.640,     0.627,    [     0.960],    55.922
 0.638,     0.616,    [     0.963],    57.112

 pctg,    rr,    α,    β
 0.600,     0.597,    [     0.963],    57.112


seed_val:    7
 0.308,     0.388,    [     0.341],    16.858
 0.389,     0.483,    [     0.516],    19.480
 0.448,     0.545,    [     0.650],    23.178
 0.493,     0.577,    [     0.749],    27.447
 0.527,     0.587,    [     0.822],    32.073
 0.552,     0.592,    [     0.869],    36.660
 0.585,     0.616,    [     0.901],    40.896
 0.594,     0.607,    [     0.922],    44.256
 0.607,     0.616,    [     0.936],    47.044
 0.618,     0.610,    [     0.946],    49.458
 0.628,     0.617,    [     0.953],    51.674
 0.647,     0.639,    [     0.958],    53.393
 0.643,     0.622,    [     0.963],    54.780
 0.654,     0.636,    [     0.966],    56.024
 0.655,     0.630,    [     0.969],    56.936

 pctg,    rr,    α,    β
 0.600,     0.661,    [     0.969],    56.936


seed_val:    8
 0.289,     0.333,    [     0.363],    16.840
 0.394,     0.457,    [     0.552],    19.549
 0.469,     0.551,    [     0.691],    23.795
 0.517,     0.583,    [     0.787],    28.880
 0.552,     0.605,    [     0.850],    34.212
 0.594,     0.627,    [     0.891],    39.444
 0.611,     0.629,    [     0.917],    43.706
 0.628,     0.639,    [     0.933],    47.634
 0.630,     0.625,    [     0.945],    50.629
 0.654,     0.649,    [     0.953],    53.158
 0.660,     0.650,    [     0.958],    55.310
 0.659,     0.645,    [     0.963],    57.106
 0.671,     0.654,    [     0.967],    58.850
 0.673,     0.660,    [     0.969],    59.887
 0.673,     0.660,    [     0.972],    60.498

 pctg,    rr,    α,    β
 0.600,     0.595,    [     0.972],    60.498


seed_val:    9
 0.221,     0.328,    [     0.481],    14.853
 0.373,     0.456,    [     0.605],    18.674
 0.459,     0.527,    [     0.698],    23.472
 0.513,     0.557,    [     0.776],    28.640
 0.554,     0.585,    [     0.836],    33.882
 0.585,     0.601,    [     0.878],    38.941
 0.597,     0.607,    [     0.907],    43.431
 0.610,     0.608,    [     0.926],    47.231
 0.631,     0.623,    [     0.939],    50.669
 0.637,     0.618,    [     0.949],    53.225
 0.638,     0.619,    [     0.956],    55.335
 0.654,     0.629,    [     0.961],    57.564
 0.651,     0.619,    [     0.965],    59.153
 0.656,     0.617,    [     0.968],    60.283
 0.659,     0.618,    [     0.971],    61.260

 pctg,    rr,    α,    β
 0.600,     0.625,    [     0.971],    61.260


seed_val:    10
 0.191,     0.383,    [     0.576],    13.660
 0.355,     0.503,    [     0.678],    17.723
 0.460,     0.559,    [     0.756],    22.662
 0.520,     0.577,    [     0.816],    28.104
 0.574,     0.606,    [     0.863],    33.465
 0.592,     0.612,    [     0.895],    38.154
 0.610,     0.627,    [     0.917],    42.135
 0.622,     0.610,    [     0.932],    45.308
 0.631,     0.601,    [     0.943],    47.806
 0.650,     0.610,    [     0.950],    50.129
 0.656,     0.614,    [     0.956],    52.061
 0.661,     0.609,    [     0.961],    53.774
 0.652,     0.584,    [     0.964],    55.080
 0.677,     0.609,    [     0.967],    56.497
 0.676,     0.609,    [     0.969],    57.723

 pctg,    rr,    α,    β
 0.600,     0.660,    [     0.969],    57.723

 trans: county_election_2012,     0.627 ±  0.025
 α, β: [     0.969] ± [     0.003], 58.457 ±  1.506


seed_val:    1
 0.325,     0.521,    [     0.764,      0.025],     2.032
 0.432,     0.584,    [     0.842,      0.042],     2.098
 0.546,     0.651,    [     0.878,      0.051],     2.422
 0.688,     0.729,    [     0.895,      0.047],     3.106
 0.764,     0.780,    [     0.904,      0.040],     4.095
 0.785,     0.810,    [     0.911,      0.037],     4.970
 0.791,     0.806,    [     0.918,      0.036],     5.517
 0.795,     0.816,    [     0.925,      0.040],     5.777
 0.800,     0.820,    [     0.931,      0.044],     5.924
 0.798,     0.819,    [     0.937,      0.044],     6.073
 0.801,     0.816,    [     0.941,      0.049],     6.072
 0.802,     0.818,    [     0.945,      0.047],     6.166
 0.803,     0.815,    [     0.949,      0.050],     6.201
 0.802,     0.817,    [     0.952,      0.051],     6.195
 0.802,     0.807,    [     0.955,      0.051],     6.232

 pctg,    rr,    α,    β
 0.600,     0.857,    [     0.955,      0.051],     6.232


seed_val:    2
 0.280,     0.492,    [     0.791,      0.159],     1.817
 0.446,     0.614,    [     0.852,      0.229],     1.859
 0.715,     0.781,    [     0.872,      0.240],     2.510
 0.763,     0.825,    [     0.878,      0.237],     3.561
 0.784,     0.859,    [     0.888,      0.238],     4.439
 0.793,     0.868,    [     0.898,      0.238],     5.069
 0.797,     0.872,    [     0.909,      0.240],     5.449
 0.801,     0.875,    [     0.918,      0.240],     5.692
 0.801,     0.877,    [     0.926,      0.240],     5.830
 0.803,     0.878,    [     0.932,      0.238],     5.935
 0.803,     0.881,    [     0.938,      0.238],     6.000
 0.807,     0.880,    [     0.943,      0.236],     6.051
 0.803,     0.881,    [     0.948,      0.234],     6.093
 0.807,     0.876,    [     0.951,      0.231],     6.101
 0.809,     0.881,    [     0.955,      0.230],     6.155

 pctg,    rr,    α,    β
 0.600,     0.818,    [     0.955,      0.230],     6.155


seed_val:    3
 0.449,     0.556,    [     0.741,      0.006],     2.328
 0.609,     0.684,    [     0.811,      0.015],     2.567
 0.713,     0.762,    [     0.838,      0.024],     3.231
 0.759,     0.800,    [     0.854,      0.031],     4.059
 0.776,     0.821,    [     0.868,      0.044],     4.780
 0.787,     0.828,    [     0.881,      0.066],     5.276
 0.798,     0.842,    [     0.894,      0.082],     5.685
 0.805,     0.851,    [     0.905,      0.098],     6.019
 0.809,     0.853,    [     0.914,      0.112],     6.204
 0.809,     0.856,    [     0.922,      0.128],     6.308
 0.813,     0.855,    [     0.929,      0.138],     6.411
 0.813,     0.857,    [     0.935,      0.149],     6.436
 0.811,     0.853,    [     0.939,      0.159],     6.500
 0.812,     0.857,    [     0.944,      0.166],     6.521
 0.815,     0.859,    [     0.947,      0.175],     6.577

 pctg,    rr,    α,    β
 0.600,     0.785,    [     0.947,      0.175],     6.577


seed_val:    4
 0.231,     0.541,    [     0.823,      0.051],     1.581
 0.366,     0.607,    [     0.880,      0.079],     1.756
 0.456,     0.608,    [     0.908,      0.094],     2.072
 0.526,     0.604,    [     0.924,      0.101],     2.399
 0.608,     0.621,    [     0.934,      0.116],     2.835
 0.716,     0.688,    [     0.940,      0.134],     3.502
 0.777,     0.744,    [     0.944,      0.160],     4.414
 0.800,     0.769,    [     0.947,      0.178],     5.145
 0.812,     0.785,    [     0.950,      0.191],     5.736
 0.818,     0.782,    [     0.953,      0.191],     6.107
 0.820,     0.795,    [     0.956,      0.191],     6.280
 0.822,     0.795,    [     0.959,      0.186],     6.408
 0.827,     0.794,    [     0.961,      0.180],     6.506
 0.827,     0.792,    [     0.963,      0.174],     6.536
 0.828,     0.788,    [     0.965,      0.172],     6.587

 pctg,    rr,    α,    β
 0.600,     0.861,    [     0.965,      0.172],     6.587


seed_val:    5
 0.411,     0.528,    [     0.760,      0.108],     2.060
 0.572,     0.659,    [     0.829,      0.118],     2.236
 0.712,     0.757,    [     0.858,      0.115],     2.901
 0.778,     0.803,    [     0.871,      0.103],     3.889
 0.799,     0.817,    [     0.882,      0.089],     4.865
 0.810,     0.826,    [     0.893,      0.081],     5.523
 0.813,     0.830,    [     0.904,      0.072],     5.957
 0.814,     0.829,    [     0.913,      0.063],     6.240
 0.816,     0.828,    [     0.922,      0.055],     6.403
 0.821,     0.833,    [     0.929,      0.047],     6.466
 0.821,     0.832,    [     0.935,      0.039],     6.524
 0.816,     0.833,    [     0.940,      0.032],     6.527
 0.822,     0.835,    [     0.945,      0.024],     6.639
 0.820,     0.830,    [     0.948,      0.015],     6.688
 0.823,     0.835,    [     0.952,      0.008],     6.700

 pctg,    rr,    α,    β
 0.600,     0.809,    [     0.952,      0.008],     6.700


seed_val:    6
 0.320,     0.471,    [     0.740,      0.168],     1.988
 0.592,     0.664,    [     0.807,      0.198],     2.219
 0.771,     0.785,    [     0.818,      0.197],     3.188
 0.799,     0.810,    [     0.826,      0.199],     4.235
 0.793,     0.811,    [     0.838,      0.206],     4.927
 0.812,     0.823,    [     0.851,      0.214],     5.386
 0.815,     0.826,    [     0.862,      0.225],     5.644
 0.813,     0.829,    [     0.873,      0.235],     5.791
 0.817,     0.833,    [     0.883,      0.242],     5.907
 0.820,     0.836,    [     0.892,      0.246],     6.018
 0.821,     0.842,    [     0.900,      0.253],     6.100
 0.819,     0.838,    [     0.907,      0.262],     6.142
 0.826,     0.850,    [     0.913,      0.264],     6.260
 0.823,     0.844,    [     0.918,      0.267],     6.345
 0.824,     0.849,    [     0.923,      0.271],     6.425

 pctg,    rr,    α,    β
 0.600,     0.831,    [     0.923,      0.271],     6.425


seed_val:    7
 0.298,     0.536,    [     0.764,      0.103],     1.885
 0.382,     0.620,    [     0.843,      0.128],     1.838
 0.459,     0.684,    [     0.880,      0.132],     1.998
 0.591,     0.760,    [     0.901,      0.125],     2.291
 0.741,     0.848,    [     0.909,      0.113],     3.097
 0.775,     0.867,    [     0.913,      0.105],     4.143
 0.773,     0.862,    [     0.919,      0.112],     4.886
 0.787,     0.870,    [     0.924,      0.115],     5.314
 0.787,     0.867,    [     0.930,      0.117],     5.547
 0.788,     0.871,    [     0.935,      0.116],     5.672
 0.788,     0.872,    [     0.939,      0.113],     5.723
 0.792,     0.864,    [     0.943,      0.107],     5.817
 0.788,     0.870,    [     0.947,      0.103],     5.869
 0.794,     0.873,    [     0.950,      0.096],     5.907
 0.791,     0.865,    [     0.953,      0.090],     5.942

 pctg,    rr,    α,    β
 0.600,     0.827,    [     0.953,      0.090],     5.942


seed_val:    8
 0.327,     0.570,    [     0.816,      0.141],     1.924
 0.400,     0.637,    [     0.879,      0.198],     1.959
 0.478,     0.687,    [     0.908,      0.237],     2.181
 0.596,     0.751,    [     0.923,      0.251],     2.570
 0.723,     0.831,    [     0.930,      0.237],     3.408
 0.757,     0.854,    [     0.934,      0.225],     4.356
 0.767,     0.865,    [     0.939,      0.222],     5.041
 0.775,     0.870,    [     0.944,      0.225],     5.438
 0.777,     0.877,    [     0.948,      0.223],     5.680
 0.783,     0.871,    [     0.952,      0.220],     5.819
 0.785,     0.881,    [     0.956,      0.216],     5.936
 0.783,     0.881,    [     0.959,      0.215],     5.982
 0.787,     0.878,    [     0.962,      0.214],     6.001
 0.787,     0.879,    [     0.964,      0.215],     6.041
 0.782,     0.885,    [     0.966,      0.215],     6.061

 pctg,    rr,    α,    β
 0.600,     0.810,    [     0.966,      0.215],     6.061


seed_val:    9
 0.417,     0.564,    [     0.810,      0.099],     2.318
 0.647,     0.690,    [     0.854,      0.128],     2.701
 0.772,     0.771,    [     0.867,      0.131],     3.721
 0.792,     0.791,    [     0.877,      0.141],     4.708
 0.801,     0.793,    [     0.889,      0.157],     5.363
 0.804,     0.801,    [     0.900,      0.171],     5.777
 0.808,     0.818,    [     0.910,      0.186],     6.057
 0.812,     0.803,    [     0.919,      0.199],     6.282
 0.815,     0.804,    [     0.926,      0.217],     6.438
 0.819,     0.817,    [     0.933,      0.230],     6.603
 0.820,     0.812,    [     0.938,      0.242],     6.745
 0.819,     0.803,    [     0.943,      0.255],     6.814
 0.821,     0.805,    [     0.947,      0.268],     6.898
 0.824,     0.812,    [     0.951,      0.278],     6.947
 0.824,     0.808,    [     0.954,      0.288],     7.045

 pctg,    rr,    α,    β
 0.600,     0.775,    [     0.954,      0.288],     7.045


seed_val:    10
 0.364,     0.550,    [     0.737,      0.102],     2.075
 0.464,     0.619,    [     0.827,      0.132],     2.048
 0.567,     0.688,    [     0.865,      0.141],     2.304
 0.738,     0.824,    [     0.880,      0.137],     3.010
 0.780,     0.865,    [     0.887,      0.128],     4.062
 0.784,     0.879,    [     0.895,      0.126],     4.884
 0.789,     0.880,    [     0.904,      0.131],     5.310
 0.789,     0.885,    [     0.913,      0.128],     5.535
 0.794,     0.884,    [     0.921,      0.129],     5.661
 0.795,     0.879,    [     0.927,      0.127],     5.750
 0.793,     0.884,    [     0.933,      0.124],     5.808
 0.798,     0.881,    [     0.937,      0.120],     5.862
 0.798,     0.888,    [     0.942,      0.110],     5.886
 0.795,     0.876,    [     0.946,      0.101],     5.928
 0.798,     0.888,    [     0.949,      0.093],     5.946

 pctg,    rr,    α,    β
 0.600,     0.846,    [     0.949,      0.093],     5.946

 trans: Anaheim,     0.822 ±  0.028
 α, β: [     0.952,      0.159] ± [     0.012,      0.095],  6.367 ±  0.362


seed_val:    1
 0.352,     0.373,    [     0.645,      0.527],     1.757
 0.504,     0.537,    [     0.735,      0.633],     1.882
 0.584,     0.619,    [     0.773,      0.677],     2.183
 0.640,     0.667,    [     0.793,      0.696],     2.560
 0.666,     0.712,    [     0.807,      0.709],     2.901
 0.684,     0.734,    [     0.818,      0.717],     3.104
 0.689,     0.733,    [     0.828,      0.724],     3.254
 0.688,     0.718,    [     0.837,      0.729],     3.318
 0.693,     0.730,    [     0.844,      0.733],     3.357
 0.694,     0.718,    [     0.851,      0.738],     3.417
 0.698,     0.713,    [     0.857,      0.741],     3.432
 0.700,     0.712,    [     0.863,      0.744],     3.467
 0.701,     0.712,    [     0.868,      0.747],     3.490
 0.702,     0.739,    [     0.872,      0.749],     3.510
 0.704,     0.724,    [     0.877,      0.752],     3.523

 pctg,    rr,    α,    β
 0.600,     0.617,    [     0.877,      0.752],     3.523


seed_val:    2
 0.349,     0.473,    [     0.620,      0.522],     1.852
 0.566,     0.657,    [     0.718,      0.630],     1.986
 0.634,     0.688,    [     0.745,      0.655],     2.469
 0.651,     0.714,    [     0.764,      0.670],     2.787
 0.660,     0.717,    [     0.783,      0.686],     2.979
 0.670,     0.733,    [     0.799,      0.701],     3.102
 0.672,     0.726,    [     0.813,      0.714],     3.211
 0.683,     0.746,    [     0.824,      0.723],     3.279
 0.685,     0.740,    [     0.835,      0.734],     3.364
 0.688,     0.741,    [     0.845,      0.745],     3.433
 0.699,     0.760,    [     0.853,      0.754],     3.468
 0.699,     0.746,    [     0.861,      0.761],     3.523
 0.703,     0.745,    [     0.867,      0.768],     3.579
 0.710,     0.757,    [     0.873,      0.774],     3.638
 0.712,     0.749,    [     0.878,      0.781],     3.679

 pctg,    rr,    α,    β
 0.600,     0.580,    [     0.878,      0.781],     3.679


seed_val:    3
 0.512,     0.582,    [     0.589,      0.476],     2.025
 0.617,     0.618,    [     0.632,      0.511],     2.350
 0.631,     0.627,    [     0.663,      0.534],     2.604
 0.631,     0.619,    [     0.692,      0.558],     2.746
 0.646,     0.637,    [     0.718,      0.580],     2.846
 0.651,     0.642,    [     0.742,      0.603],     2.923
 0.658,     0.645,    [     0.763,      0.625],     2.977
 0.657,     0.630,    [     0.780,      0.642],     3.039
 0.660,     0.629,    [     0.794,      0.656],     3.072
 0.670,     0.646,    [     0.807,      0.671],     3.120
 0.672,     0.644,    [     0.819,      0.684],     3.164
 0.673,     0.638,    [     0.829,      0.697],     3.202
 0.675,     0.638,    [     0.838,      0.707],     3.236
 0.679,     0.646,    [     0.846,      0.718],     3.287
 0.686,     0.648,    [     0.853,      0.727],     3.323

 pctg,    rr,    α,    β
 0.600,     0.700,    [     0.853,      0.727],     3.323


seed_val:    4
 0.597,     0.607,    [     0.418,      0.266],     2.915
 0.619,     0.641,    [     0.502,      0.318],     2.545
 0.628,     0.659,    [     0.563,      0.361],     2.513
 0.635,     0.670,    [     0.614,      0.400],     2.541
 0.643,     0.677,    [     0.656,      0.437],     2.590
 0.652,     0.689,    [     0.691,      0.470],     2.649
 0.657,     0.688,    [     0.720,      0.499],     2.703
 0.659,     0.685,    [     0.743,      0.523],     2.745
 0.667,     0.699,    [     0.766,      0.551],     2.802
 0.663,     0.690,    [     0.784,      0.572],     2.839
 0.665,     0.690,    [     0.800,      0.594],     2.878
 0.667,     0.691,    [     0.813,      0.608],     2.896
 0.680,     0.715,    [     0.826,      0.627],     2.950
 0.680,     0.711,    [     0.835,      0.639],     2.961
 0.681,     0.709,    [     0.844,      0.651],     2.985

 pctg,    rr,    α,    β
 0.600,     0.675,    [     0.844,      0.651],     2.985


seed_val:    5
 0.324,     0.494,    [     0.656,      0.554],     1.792
 0.587,     0.647,    [     0.734,      0.642],     1.984
 0.666,     0.699,    [     0.754,      0.658],     2.538
 0.678,     0.706,    [     0.774,      0.674],     2.958
 0.674,     0.712,    [     0.791,      0.687],     3.192
 0.693,     0.717,    [     0.806,      0.699],     3.342
 0.698,     0.722,    [     0.820,      0.710],     3.441
 0.699,     0.724,    [     0.831,      0.719],     3.490
 0.697,     0.725,    [     0.842,      0.727],     3.532
 0.702,     0.726,    [     0.851,      0.736],     3.583
 0.702,     0.733,    [     0.858,      0.741],     3.583
 0.707,     0.735,    [     0.865,      0.746],     3.617
 0.712,     0.735,    [     0.871,      0.751],     3.624
 0.711,     0.737,    [     0.877,      0.758],     3.657
 0.707,     0.735,    [     0.883,      0.762],     3.696

 pctg,    rr,    α,    β
 0.600,     0.701,    [     0.883,      0.762],     3.696


seed_val:    6
 0.484,     0.585,    [     0.566,      0.464],     2.071
 0.598,     0.655,    [     0.630,      0.521],     2.286
 0.626,     0.666,    [     0.666,      0.549],     2.538
 0.641,     0.673,    [     0.698,      0.576],     2.742
 0.649,     0.675,    [     0.726,      0.601],     2.876
 0.655,     0.672,    [     0.749,      0.625],     2.954
 0.656,     0.669,    [     0.770,      0.645],     3.022
 0.656,     0.666,    [     0.786,      0.662],     3.056
 0.668,     0.678,    [     0.801,      0.679],     3.096
 0.672,     0.679,    [     0.815,      0.694],     3.145
 0.674,     0.682,    [     0.827,      0.709],     3.194
 0.677,     0.686,    [     0.837,      0.722],     3.228
 0.675,     0.683,    [     0.847,      0.735],     3.260
 0.681,     0.686,    [     0.855,      0.745],     3.266
 0.683,     0.688,    [     0.863,      0.755],     3.290

 pctg,    rr,    α,    β
 0.600,     0.749,    [     0.863,      0.755],     3.290


seed_val:    7
 0.441,     0.518,    [     0.588,      0.507],     1.893
 0.589,     0.621,    [     0.662,      0.578],     2.122
 0.626,     0.650,    [     0.700,      0.611],     2.436
 0.650,     0.667,    [     0.728,      0.634],     2.693
 0.667,     0.678,    [     0.754,      0.656],     2.907
 0.673,     0.691,    [     0.774,      0.674],     3.066
 0.682,     0.705,    [     0.791,      0.688],     3.166
 0.692,     0.710,    [     0.806,      0.702],     3.266
 0.686,     0.717,    [     0.819,      0.714],     3.343
 0.681,     0.707,    [     0.830,      0.725],     3.391
 0.701,     0.721,    [     0.839,      0.734],     3.451
 0.705,     0.722,    [     0.848,      0.743],     3.497
 0.694,     0.723,    [     0.856,      0.751],     3.527
 0.704,     0.730,    [     0.863,      0.759],     3.590
 0.708,     0.729,    [     0.869,      0.766],     3.622

 pctg,    rr,    α,    β
 0.600,     0.619,    [     0.869,      0.766],     3.622


seed_val:    8
 0.471,     0.553,    [     0.626,      0.546],     2.341
 0.621,     0.685,    [     0.694,      0.613],     2.642
 0.641,     0.707,    [     0.723,      0.635],     2.950
 0.654,     0.716,    [     0.750,      0.657],     3.167
 0.666,     0.714,    [     0.775,      0.681],     3.339
 0.671,     0.717,    [     0.794,      0.698],     3.414
 0.676,     0.726,    [     0.811,      0.715],     3.494
 0.684,     0.728,    [     0.825,      0.729],     3.552
 0.691,     0.729,    [     0.838,      0.743],     3.663
 0.694,     0.730,    [     0.848,      0.754],     3.716
 0.693,     0.736,    [     0.857,      0.763],     3.750
 0.698,     0.738,    [     0.865,      0.770],     3.789
 0.704,     0.741,    [     0.871,      0.776],     3.840
 0.706,     0.740,    [     0.877,      0.783],     3.864
 0.708,     0.736,    [     0.882,      0.788],     3.903

 pctg,    rr,    α,    β
 0.600,     0.620,    [     0.882,      0.788],     3.903


seed_val:    9
 0.557,     0.649,    [     0.588,      0.485],     2.321
 0.620,     0.670,    [     0.651,      0.540],     2.460
 0.639,     0.676,    [     0.688,      0.570],     2.618
 0.664,     0.690,    [     0.718,      0.596],     2.775
 0.672,     0.689,    [     0.747,      0.624],     2.918
 0.686,     0.695,    [     0.769,      0.646],     3.038
 0.688,     0.692,    [     0.787,      0.664],     3.118
 0.691,     0.687,    [     0.803,      0.681],     3.190
 0.697,     0.679,    [     0.816,      0.695],     3.262
 0.712,     0.693,    [     0.828,      0.708],     3.342
 0.715,     0.684,    [     0.838,      0.719],     3.395
 0.706,     0.672,    [     0.847,      0.729],     3.432
 0.710,     0.667,    [     0.854,      0.736],     3.451
 0.715,     0.681,    [     0.861,      0.743],     3.480
 0.719,     0.675,    [     0.867,      0.749],     3.518

 pctg,    rr,    α,    β
 0.600,     0.636,    [     0.867,      0.749],     3.518


seed_val:    10
 0.564,     0.586,    [     0.528,      0.395],     2.595
 0.627,     0.636,    [     0.608,      0.464],     2.627
 0.650,     0.654,    [     0.656,      0.506],     2.790
 0.661,     0.660,    [     0.691,      0.534],     2.921
 0.663,     0.659,    [     0.718,      0.556],     3.007
 0.672,     0.661,    [     0.742,      0.577],     3.113
 0.682,     0.675,    [     0.762,      0.596],     3.191
 0.687,     0.677,    [     0.780,      0.615],     3.256
 0.693,     0.681,    [     0.795,      0.632],     3.334
 0.689,     0.677,    [     0.808,      0.645],     3.379
 0.694,     0.682,    [     0.819,      0.659],     3.421
 0.699,     0.688,    [     0.829,      0.670],     3.458
 0.697,     0.681,    [     0.838,      0.680],     3.488
 0.701,     0.688,    [     0.846,      0.691],     3.522
 0.699,     0.685,    [     0.854,      0.700],     3.542

 pctg,    rr,    α,    β
 0.600,     0.646,    [     0.854,      0.700],     3.542

 trans: ChicagoSketch,     0.654 ±  0.051
 α, β: [     0.867,      0.743] ± [     0.013,      0.041],  3.508 ±  0.256


seed_val:    1
 0.801,     0.793,    [    -0.826],     2.042
 0.812,     0.801,    [    -0.889],     2.004
 0.844,     0.806,    [    -0.918],     2.063
 0.870,     0.814,    [    -0.935],     2.138
 0.864,     0.804,    [    -0.946],     2.190
 0.860,     0.801,    [    -0.954],     2.238
 0.891,     0.820,    [    -0.959],     2.262
 0.876,     0.817,    [    -0.963],     2.275
 0.889,     0.820,    [    -0.967],     2.293
 0.891,     0.820,    [    -0.969],     2.290
 0.899,     0.820,    [    -0.971],     2.296
 0.885,     0.817,    [    -0.973],     2.321
 0.892,     0.820,    [    -0.975],     2.345
 0.901,     0.820,    [    -0.976],     2.344
 0.892,     0.817,    [    -0.977],     2.357

 pctg,    rr,    α,    β
 0.600,     0.810,    [    -0.977],     2.357


seed_val:    2
 0.593,     0.729,    [    -0.627],     1.171
 0.881,     0.897,    [    -0.769],     1.321
 0.958,     0.971,    [    -0.850],     1.571
 0.949,     0.971,    [    -0.897],     1.840
 0.937,     0.952,    [    -0.926],     2.064
 0.918,     0.915,    [    -0.943],     2.252
 0.865,     0.830,    [    -0.954],     2.395
 0.864,     0.822,    [    -0.962],     2.465
 0.865,     0.822,    [    -0.967],     2.501
 0.871,     0.825,    [    -0.971],     2.522
 0.881,     0.830,    [    -0.974],     2.561
 0.880,     0.830,    [    -0.976],     2.587
 0.878,     0.825,    [    -0.978],     2.598
 0.877,     0.830,    [    -0.980],     2.606
 0.889,     0.833,    [    -0.981],     2.644

 pctg,    rr,    α,    β
 0.600,     0.836,    [    -0.981],     2.644


seed_val:    3
 0.877,     0.947,    [    -0.823],     1.916
 0.816,     0.844,    [    -0.896],     2.009
 0.814,     0.836,    [    -0.926],     2.121
 0.830,     0.836,    [    -0.943],     2.213
 0.845,     0.836,    [    -0.954],     2.279
 0.857,     0.841,    [    -0.961],     2.351
 0.876,     0.849,    [    -0.967],     2.388
 0.879,     0.849,    [    -0.971],     2.457
 0.888,     0.844,    [    -0.974],     2.479
 0.897,     0.862,    [    -0.977],     2.516
 0.892,     0.844,    [    -0.979],     2.553
 0.900,     0.859,    [    -0.981],     2.554
 0.917,     0.862,    [    -0.982],     2.566
 0.904,     0.862,    [    -0.983],     2.591
 0.900,     0.849,    [    -0.984],     2.598

 pctg,    rr,    α,    β
 0.600,     0.831,    [    -0.984],     2.598


seed_val:    4
 0.771,     0.830,    [    -0.831],     2.064
 0.802,     0.828,    [    -0.904],     2.112
 0.842,     0.833,    [    -0.935],     2.260
 0.840,     0.828,    [    -0.951],     2.381
 0.851,     0.836,    [    -0.961],     2.450
 0.845,     0.830,    [    -0.968],     2.494
 0.845,     0.828,    [    -0.973],     2.567
 0.849,     0.830,    [    -0.976],     2.584
 0.866,     0.844,    [    -0.979],     2.627
 0.872,     0.844,    [    -0.981],     2.661
 0.876,     0.844,    [    -0.983],     2.686
 0.861,     0.836,    [    -0.984],     2.701
 0.895,     0.849,    [    -0.986],     2.734
 0.902,     0.865,    [    -0.987],     2.756
 0.877,     0.844,    [    -0.988],     2.777

 pctg,    rr,    α,    β
 0.600,     0.841,    [    -0.988],     2.777


seed_val:    5
 0.726,     0.820,    [    -0.803],     2.077
 0.795,     0.825,    [    -0.880],     1.991
 0.828,     0.828,    [    -0.914],     2.057
 0.836,     0.820,    [    -0.934],     2.138
 0.855,     0.836,    [    -0.946],     2.224
 0.850,     0.828,    [    -0.955],     2.261
 0.865,     0.836,    [    -0.961],     2.319
 0.867,     0.836,    [    -0.966],     2.352
 0.877,     0.836,    [    -0.970],     2.385
 0.883,     0.857,    [    -0.972],     2.412
 0.885,     0.841,    [    -0.975],     2.443
 0.876,     0.828,    [    -0.977],     2.447
 0.886,     0.838,    [    -0.978],     2.466
 0.889,     0.859,    [    -0.980],     2.489
 0.890,     0.841,    [    -0.981],     2.497

 pctg,    rr,    α,    β
 0.600,     0.862,    [    -0.981],     2.497


seed_val:    6
 0.906,     0.966,    [    -0.799],     1.935
 0.865,     0.873,    [    -0.885],     1.982
 0.842,     0.817,    [    -0.919],     2.100
 0.852,     0.809,    [    -0.937],     2.196
 0.838,     0.785,    [    -0.949],     2.252
 0.852,     0.801,    [    -0.956],     2.273
 0.847,     0.785,    [    -0.962],     2.289
 0.870,     0.820,    [    -0.966],     2.332
 0.865,     0.801,    [    -0.969],     2.368
 0.868,     0.804,    [    -0.972],     2.387
 0.870,     0.804,    [    -0.974],     2.443
 0.885,     0.817,    [    -0.976],     2.435
 0.878,     0.806,    [    -0.978],     2.454
 0.891,     0.817,    [    -0.979],     2.477
 0.888,     0.817,    [    -0.981],     2.498

 pctg,    rr,    α,    β
 0.600,     0.772,    [    -0.981],     2.498


seed_val:    7
 0.964,     0.971,    [    -0.771],     1.692
 0.962,     0.971,    [    -0.870],     1.744
 0.961,     0.968,    [    -0.913],     1.904
 0.959,     0.966,    [    -0.936],     2.066
 0.951,     0.912,    [    -0.950],     2.219
 0.916,     0.833,    [    -0.959],     2.328
 0.903,     0.809,    [    -0.965],     2.367
 0.900,     0.804,    [    -0.969],     2.378
 0.910,     0.806,    [    -0.973],     2.406
 0.905,     0.806,    [    -0.975],     2.418
 0.907,     0.804,    [    -0.977],     2.438
 0.902,     0.801,    [    -0.979],     2.435
 0.920,     0.798,    [    -0.980],     2.448
 0.914,     0.801,    [    -0.982],     2.454
 0.919,     0.806,    [    -0.983],     2.465

 pctg,    rr,    α,    β
 0.600,     0.860,    [    -0.983],     2.465


seed_val:    8
 0.751,     0.780,    [    -0.781],     2.057
 0.807,     0.788,    [    -0.858],     1.913
 0.823,     0.793,    [    -0.893],     1.934
 0.822,     0.790,    [    -0.913],     1.965
 0.836,     0.804,    [    -0.926],     2.000
 0.847,     0.809,    [    -0.937],     2.059
 0.838,     0.796,    [    -0.944],     2.091
 0.857,     0.804,    [    -0.950],     2.121
 0.857,     0.804,    [    -0.955],     2.149
 0.876,     0.809,    [    -0.959],     2.160
 0.871,     0.806,    [    -0.962],     2.191
 0.879,     0.806,    [    -0.964],     2.185
 0.891,     0.814,    [    -0.967],     2.220
 0.895,     0.814,    [    -0.969],     2.258
 0.891,     0.809,    [    -0.971],     2.263

 pctg,    rr,    α,    β
 0.600,     0.810,    [    -0.971],     2.263


seed_val:    9
 0.793,     0.851,    [    -0.846],     2.123
 0.823,     0.838,    [    -0.913],     2.190
 0.828,     0.830,    [    -0.941],     2.320
 0.846,     0.846,    [    -0.956],     2.465
 0.845,     0.833,    [    -0.965],     2.569
 0.857,     0.846,    [    -0.971],     2.637
 0.852,     0.833,    [    -0.976],     2.693
 0.857,     0.833,    [    -0.979],     2.710
 0.861,     0.833,    [    -0.981],     2.738
 0.868,     0.836,    [    -0.983],     2.767
 0.867,     0.838,    [    -0.985],     2.791
 0.872,     0.846,    [    -0.986],     2.828
 0.876,     0.844,    [    -0.987],     2.827
 0.868,     0.838,    [    -0.988],     2.846
 0.877,     0.857,    [    -0.989],     2.878

 pctg,    rr,    α,    β
 0.600,     0.889,    [    -0.989],     2.878


seed_val:    10
 0.793,     0.788,    [    -0.810],     2.024
 0.811,     0.780,    [    -0.884],     2.010
 0.830,     0.790,    [    -0.916],     2.085
 0.833,     0.793,    [    -0.935],     2.162
 0.842,     0.790,    [    -0.947],     2.245
 0.850,     0.796,    [    -0.956],     2.300
 0.861,     0.801,    [    -0.962],     2.354
 0.861,     0.804,    [    -0.967],     2.402
 0.873,     0.809,    [    -0.971],     2.452
 0.871,     0.804,    [    -0.974],     2.476
 0.872,     0.809,    [    -0.976],     2.500
 0.871,     0.806,    [    -0.978],     2.510
 0.874,     0.809,    [    -0.980],     2.532
 0.883,     0.809,    [    -0.981],     2.566
 0.870,     0.806,    [    -0.982],     2.575

 pctg,    rr,    α,    β
 0.600,     0.802,    [    -0.982],     2.575

 trans: sexual_1,     0.831 ±  0.034
 α, β: [    -0.982] ± [     0.005],  2.555 ±  0.184


seed_val:    1
 0.428,     0.329,    [     0.999],     1.614
 0.599,     0.561,    [     1.000],     2.468
 0.627,     0.599,    [     0.999],     2.668
 0.641,     0.610,    [     1.000],     2.831
 0.649,     0.618,    [     1.000],     2.842
 0.653,     0.613,    [     1.000],     2.864
 0.661,     0.621,    [     0.999],     2.985
 0.664,     0.618,    [     0.999],     2.977
 0.667,     0.618,    [     0.999],     2.983
 0.670,     0.619,    [     0.999],     2.983
 0.673,     0.622,    [     0.999],     2.983
 0.675,     0.619,    [     0.999],     3.110
 0.677,     0.616,    [     0.999],     3.109
 0.680,     0.620,    [     0.999],     3.177
 0.682,     0.619,    [     0.999],     3.169

 pctg,    rr,    α,    β
 0.600,     0.701,    [     0.999],     3.169


seed_val:    2
 0.345,     0.316,    [    -0.998],     1.622
 0.437,     0.403,    [    -0.999],     1.891
 0.493,     0.440,    [    -0.999],     2.039
 0.567,     0.507,    [     0.945],     2.218
 0.624,     0.554,    [     0.984],     2.614
 0.646,     0.575,    [     0.994],     2.777
 0.666,     0.597,    [     0.999],     3.007
 0.682,     0.619,    [     0.999],     3.110
 0.688,     0.622,    [     0.999],     3.195
 0.691,     0.622,    [     1.000],     3.270
 0.696,     0.622,    [     0.999],     3.316
 0.700,     0.628,    [     0.999],     3.316
 0.699,     0.628,    [     0.999],     3.326
 0.703,     0.630,    [     0.999],     3.326
 0.706,     0.630,    [     1.000],     3.424

 pctg,    rr,    α,    β
 0.600,     0.681,    [     1.000],     3.424


seed_val:    3
 0.458,     0.373,    [     0.999],     1.910
 0.544,     0.491,    [     0.996],     2.296
 0.578,     0.533,    [     0.999],     2.459
 0.608,     0.571,    [     0.998],     2.701
 0.623,     0.589,    [     0.999],     2.803
 0.639,     0.603,    [     0.999],     2.955
 0.651,     0.612,    [     0.999],     3.007
 0.661,     0.619,    [     0.999],     3.007
 0.667,     0.621,    [     0.999],     3.180
 0.672,     0.617,    [     0.999],     3.236
 0.675,     0.614,    [     0.999],     3.236
 0.677,     0.615,    [     0.999],     3.236
 0.679,     0.610,    [     1.000],     3.248
 0.683,     0.615,    [     1.000],     3.248
 0.685,     0.611,    [     1.000],     3.248

 pctg,    rr,    α,    β
 0.600,     0.676,    [     1.000],     3.248


seed_val:    4
 0.464,     0.397,    [    -0.998],     1.893
 0.531,     0.477,    [    -0.998],     2.161
 0.556,     0.510,    [    -0.998],     2.267
 0.575,     0.543,    [    -0.999],     2.374
 0.592,     0.556,    [    -0.999],     2.374
 0.606,     0.577,    [    -0.999],     2.555
 0.610,     0.571,    [    -0.999],     2.579
 0.628,     0.628,    [     0.999],     2.625
 0.667,     0.677,    [     0.999],     2.986
 0.674,     0.684,    [     0.999],     3.017
 0.678,     0.685,    [     0.999],     3.017
 0.683,     0.687,    [     0.998],     3.090
 0.684,     0.689,    [     0.999],     3.078
 0.687,     0.690,    [     0.999],     3.078
 0.689,     0.690,    [     0.999],     3.117

 pctg,    rr,    α,    β
 0.600,     0.619,    [     0.999],     3.117


seed_val:    5
 0.459,     0.272,    [     0.997],     1.841
 0.629,     0.486,    [     0.997],     2.755
 0.658,     0.527,    [     0.999],     2.977
 0.668,     0.541,    [     0.999],     3.127
 0.675,     0.550,    [     0.999],     3.127
 0.681,     0.559,    [     0.999],     3.127
 0.686,     0.569,    [     0.999],     3.272
 0.690,     0.576,    [     0.999],     3.345
 0.691,     0.579,    [     0.999],     3.348
 0.694,     0.581,    [     0.999],     3.348
 0.697,     0.587,    [     0.999],     3.432
 0.696,     0.581,    [     0.999],     3.426
 0.700,     0.590,    [     0.999],     3.426
 0.696,     0.576,    [     0.999],     3.388
 0.704,     0.596,    [     0.999],     3.472

 pctg,    rr,    α,    β
 0.600,     0.667,    [     0.999],     3.472


seed_val:    6
 0.373,     0.195,    [     0.998],     1.639
 0.535,     0.425,    [     0.999],     2.154
 0.626,     0.565,    [     0.999],     2.782
 0.647,     0.592,    [     0.999],     2.891
 0.654,     0.595,    [     0.999],     2.966
 0.662,     0.608,    [     0.999],     3.007
 0.665,     0.608,    [     0.999],     3.007
 0.673,     0.614,    [     0.999],     3.007
 0.680,     0.623,    [     0.999],     3.214
 0.686,     0.630,    [     0.999],     3.288
 0.685,     0.615,    [     0.999],     3.308
 0.693,     0.634,    [     0.999],     3.308
 0.696,     0.633,    [     0.999],     3.415
 0.699,     0.632,    [     0.999],     3.464
 0.700,     0.635,    [     0.999],     3.471

 pctg,    rr,    α,    β
 0.600,     0.646,    [     0.999],     3.471


seed_val:    7
 0.488,     0.459,    [    -0.980],     2.036
 0.570,     0.539,    [    -0.999],     2.402
 0.598,     0.571,    [    -0.999],     2.645
 0.608,     0.579,    [    -0.999],     2.678
 0.613,     0.581,    [    -0.999],     2.678
 0.621,     0.588,    [    -0.999],     2.749
 0.627,     0.590,    [    -0.999],     2.815
 0.629,     0.593,    [    -0.999],     2.815
 0.636,     0.604,    [     0.936],     2.835
 0.637,     0.600,    [    -0.999],     2.896
 0.638,     0.599,    [    -0.999],     2.896
 0.639,     0.597,    [    -0.999],     2.903
 0.647,     0.609,    [     0.940],     2.962
 0.645,     0.601,    [    -0.999],     2.942
 0.647,     0.601,    [    -0.999],     2.942

 pctg,    rr,    α,    β
 0.600,     0.679,    [    -0.999],     2.942


seed_val:    8
 0.550,     0.437,    [    -0.999],     2.181
 0.579,     0.463,    [     0.999],     2.431
 0.627,     0.536,    [     0.999],     2.725
 0.642,     0.560,    [     0.999],     2.849
 0.652,     0.573,    [     0.999],     2.876
 0.660,     0.583,    [     0.998],     2.979
 0.665,     0.585,    [     0.998],     3.036
 0.672,     0.596,    [     0.998],     3.036
 0.677,     0.600,    [     0.999],     3.139
 0.681,     0.603,    [     0.999],     3.164
 0.685,     0.604,    [     0.999],     3.199
 0.689,     0.608,    [     0.999],     3.201
 0.691,     0.609,    [     1.000],     3.254
 0.692,     0.606,    [     1.000],     3.254
 0.697,     0.613,    [     0.999],     3.316

 pctg,    rr,    α,    β
 0.600,     0.682,    [     0.999],     3.316


seed_val:    9
 0.443,     0.444,    [    -0.988],     1.770
 0.505,     0.481,    [    -0.988],     2.009
 0.558,     0.498,    [     0.988],     2.276
 0.627,     0.577,    [     0.999],     2.834
 0.663,     0.620,    [     0.999],     3.008
 0.669,     0.626,    [     0.998],     3.059
 0.669,     0.624,    [     0.998],     3.059
 0.673,     0.629,    [     0.999],     3.082
 0.676,     0.632,    [     0.999],     3.082
 0.678,     0.635,    [     0.999],     3.115
 0.681,     0.638,    [     1.000],     3.048
 0.682,     0.639,    [     0.999],     3.157
 0.683,     0.640,    [     0.999],     3.086
 0.685,     0.640,    [     0.999],     3.165
 0.685,     0.639,    [     0.999],     3.178

 pctg,    rr,    α,    β
 0.600,     0.665,    [     0.999],     3.178


seed_val:    10
 0.527,     0.477,    [     0.999],     2.098
 0.658,     0.650,    [     0.999],     2.972
 0.671,     0.663,    [     1.000],     3.122
 0.677,     0.668,    [     0.999],     3.175
 0.681,     0.673,    [     0.999],     3.282
 0.682,     0.671,    [     1.000],     3.228
 0.687,     0.677,    [     1.000],     3.228
 0.687,     0.672,    [     1.000],     3.229
 0.692,     0.678,    [     0.999],     3.365
 0.692,     0.674,    [     0.999],     3.365
 0.694,     0.679,    [     0.999],     3.349
 0.696,     0.679,    [     0.999],     3.339
 0.697,     0.679,    [     1.000],     3.438
 0.700,     0.682,    [     1.000],     3.438
 0.701,     0.680,    [     1.000],     3.438

 pctg,    rr,    α,    β
 0.600,     0.615,    [     1.000],     3.438

 trans: twitch_PTBR_true_8,     0.663 ±  0.028
 α, β: [     0.799] ± [     0.632],  3.278 ±  0.178
