

seed_val:    1
(T=1.0) Metropolis ended with magnetization 0.026938775510204082 after 1000000 iterations
 0.683,     0.714,    [     0.775],     1.625
 0.718,     0.714,    [     0.825],     1.561
 0.720,     0.718,    [     0.851],     1.578
 0.728,     0.718,    [     0.868],     1.601
 0.731,     0.718,    [     0.879],     1.635
 0.733,     0.718,    [     0.888],     1.657
 0.735,     0.718,    [     0.895],     1.676
 0.733,     0.718,    [     0.900],     1.692
 0.733,     0.710,    [     0.904],     1.707
 0.733,     0.718,    [     0.907],     1.714
 0.731,     0.710,    [     0.910],     1.721
 0.727,     0.714,    [     0.912],     1.730
 0.732,     0.722,    [     0.913],     1.735
 0.731,     0.710,    [     0.914],     1.745
 0.729,     0.710,    [     0.915],     1.750

 pctg,    rr,    α,    β
 0.600,     0.735,    [     0.915],     1.750


seed_val:    2
(T=1.0) Metropolis ended with magnetization 0.2163265306122449 after 1000000 iterations
 0.695,     0.784,    [     0.712],     1.641
 0.709,     0.784,    [     0.774],     1.487
 0.701,     0.788,    [     0.803],     1.474
 0.701,     0.788,    [     0.822],     1.490
 0.699,     0.784,    [     0.835],     1.508
 0.701,     0.784,    [     0.844],     1.522
 0.699,     0.780,    [     0.851],     1.538
 0.701,     0.784,    [     0.856],     1.547
 0.699,     0.780,    [     0.859],     1.558
 0.703,     0.784,    [     0.862],     1.565
 0.698,     0.784,    [     0.863],     1.569
 0.706,     0.784,    [     0.864],     1.575
 0.706,     0.784,    [     0.864],     1.581
 0.703,     0.784,    [     0.865],     1.578
 0.703,     0.780,    [     0.864],     1.583

 pctg,    rr,    α,    β
 0.600,     0.755,    [     0.864],     1.583


seed_val:    3
(T=1.0) Metropolis ended with magnetization 0.1346938775510204 after 1000000 iterations
 0.705,     0.755,    [     0.730],     1.641
 0.706,     0.759,    [     0.788],     1.522
 0.706,     0.763,    [     0.814],     1.527
 0.712,     0.763,    [     0.831],     1.548
 0.712,     0.763,    [     0.843],     1.568
 0.714,     0.763,    [     0.851],     1.580
 0.714,     0.755,    [     0.857],     1.598
 0.713,     0.759,    [     0.862],     1.608
 0.716,     0.759,    [     0.865],     1.618
 0.716,     0.767,    [     0.867],     1.629
 0.721,     0.771,    [     0.869],     1.632
 0.721,     0.763,    [     0.869],     1.643
 0.720,     0.780,    [     0.870],     1.645
 0.721,     0.763,    [     0.870],     1.652
 0.718,     0.771,    [     0.870],     1.657

 pctg,    rr,    α,    β
 0.600,     0.759,    [     0.870],     1.657


seed_val:    4
(T=1.0) Metropolis ended with magnetization 0.025306122448979593 after 1000000 iterations
 0.737,     0.808,    [     0.754],     1.819
 0.744,     0.800,    [     0.811],     1.678
 0.744,     0.800,    [     0.838],     1.684
 0.747,     0.804,    [     0.854],     1.708
 0.747,     0.804,    [     0.865],     1.732
 0.747,     0.804,    [     0.873],     1.757
 0.746,     0.800,    [     0.878],     1.770
 0.748,     0.800,    [     0.883],     1.785
 0.751,     0.808,    [     0.887],     1.800
 0.748,     0.800,    [     0.890],     1.808
 0.747,     0.800,    [     0.892],     1.816
 0.754,     0.804,    [     0.893],     1.827
 0.750,     0.804,    [     0.894],     1.835
 0.752,     0.804,    [     0.895],     1.838
 0.752,     0.804,    [     0.895],     1.842

 pctg,    rr,    α,    β
 0.600,     0.735,    [     0.895],     1.842


seed_val:    5
(T=1.0) Metropolis ended with magnetization 0.07755102040816327 after 1000000 iterations
 0.754,     0.739,    [     0.792],     1.778
 0.743,     0.743,    [     0.846],     1.715
 0.746,     0.747,    [     0.868],     1.757
 0.746,     0.751,    [     0.881],     1.803
 0.741,     0.751,    [     0.889],     1.840
 0.744,     0.751,    [     0.895],     1.869
 0.739,     0.755,    [     0.899],     1.880
 0.741,     0.759,    [     0.903],     1.900
 0.739,     0.755,    [     0.906],     1.911
 0.740,     0.755,    [     0.908],     1.914
 0.741,     0.755,    [     0.910],     1.922
 0.741,     0.755,    [     0.912],     1.926
 0.739,     0.755,    [     0.913],     1.933
 0.746,     0.755,    [     0.914],     1.936
 0.740,     0.755,    [     0.914],     1.940

 pctg,    rr,    α,    β
 0.600,     0.771,    [     0.914],     1.940


seed_val:    6
(T=1.0) Metropolis ended with magnetization 0.005714285714285714 after 1000000 iterations
 0.668,     0.739,    [     0.650],     1.598
 0.678,     0.739,    [     0.725],     1.418
 0.687,     0.739,    [     0.762],     1.396
 0.687,     0.735,    [     0.788],     1.408
 0.680,     0.739,    [     0.805],     1.427
 0.683,     0.731,    [     0.819],     1.444
 0.683,     0.735,    [     0.829],     1.461
 0.682,     0.743,    [     0.838],     1.471
 0.684,     0.735,    [     0.844],     1.482
 0.683,     0.735,    [     0.849],     1.492
 0.679,     0.731,    [     0.853],     1.501
 0.686,     0.735,    [     0.856],     1.506
 0.680,     0.735,    [     0.858],     1.512
 0.678,     0.735,    [     0.860],     1.516
 0.680,     0.739,    [     0.861],     1.521

 pctg,    rr,    α,    β
 0.600,     0.763,    [     0.861],     1.521


seed_val:    7
(T=1.0) Metropolis ended with magnetization 0.017142857142857144 after 1000000 iterations
 0.701,     0.759,    [     0.714],     1.682
 0.709,     0.776,    [     0.779],     1.527
 0.706,     0.771,    [     0.809],     1.516
 0.710,     0.771,    [     0.827],     1.537
 0.712,     0.776,    [     0.839],     1.560
 0.714,     0.776,    [     0.848],     1.581
 0.710,     0.780,    [     0.853],     1.595
 0.709,     0.780,    [     0.858],     1.610
 0.710,     0.771,    [     0.861],     1.616
 0.713,     0.771,    [     0.863],     1.625
 0.717,     0.771,    [     0.864],     1.635
 0.720,     0.771,    [     0.865],     1.641
 0.720,     0.771,    [     0.865],     1.642
 0.721,     0.771,    [     0.865],     1.646
 0.724,     0.771,    [     0.863],     1.647

 pctg,    rr,    α,    β
 0.600,     0.763,    [     0.863],     1.647


seed_val:    8
(T=1.0) Metropolis ended with magnetization 0.03183673469387755 after 1000000 iterations
 0.722,     0.751,    [     0.760],     1.681
 0.733,     0.755,    [     0.817],     1.567
 0.737,     0.751,    [     0.846],     1.577
 0.737,     0.751,    [     0.864],     1.600
 0.741,     0.751,    [     0.877],     1.624
 0.746,     0.751,    [     0.887],     1.649
 0.737,     0.747,    [     0.894],     1.668
 0.741,     0.747,    [     0.900],     1.682
 0.743,     0.747,    [     0.905],     1.688
 0.743,     0.747,    [     0.909],     1.699
 0.741,     0.747,    [     0.912],     1.715
 0.741,     0.743,    [     0.915],     1.719
 0.741,     0.747,    [     0.917],     1.722
 0.744,     0.743,    [     0.919],     1.730
 0.739,     0.747,    [     0.920],     1.739

 pctg,    rr,    α,    β
 0.600,     0.763,    [     0.920],     1.739


seed_val:    9
(T=1.0) Metropolis ended with magnetization 0.09224489795918367 after 1000000 iterations
 0.710,     0.796,    [     0.796],     1.550
 0.735,     0.800,    [     0.829],     1.534
 0.746,     0.808,    [     0.844],     1.563
 0.748,     0.812,    [     0.851],     1.596
 0.754,     0.812,    [     0.856],     1.620
 0.755,     0.804,    [     0.858],     1.631
 0.752,     0.796,    [     0.860],     1.642
 0.755,     0.796,    [     0.861],     1.646
 0.756,     0.796,    [     0.862],     1.656
 0.756,     0.796,    [     0.862],     1.653
 0.762,     0.796,    [     0.862],     1.654
 0.761,     0.796,    [     0.862],     1.652
 0.758,     0.796,    [     0.861],     1.652
 0.756,     0.796,    [     0.861],     1.654
 0.761,     0.800,    [     0.860],     1.660

 pctg,    rr,    α,    β
 0.600,     0.759,    [     0.860],     1.660


seed_val:    10
(T=1.0) Metropolis ended with magnetization 0.05795918367346939 after 1000000 iterations
 0.690,     0.767,    [     0.768],     1.704
 0.698,     0.763,    [     0.826],     1.608
 0.701,     0.763,    [     0.854],     1.621
 0.701,     0.763,    [     0.872],     1.648
 0.705,     0.771,    [     0.885],     1.685
 0.701,     0.771,    [     0.894],     1.710
 0.703,     0.771,    [     0.901],     1.731
 0.710,     0.771,    [     0.906],     1.744
 0.714,     0.771,    [     0.910],     1.755
 0.716,     0.771,    [     0.913],     1.765
 0.718,     0.771,    [     0.916],     1.773
 0.718,     0.771,    [     0.918],     1.780
 0.724,     0.771,    [     0.920],     1.784
 0.729,     0.767,    [     0.921],     1.793
 0.733,     0.776,    [     0.922],     1.800

 pctg,    rr,    α,    β
 0.600,     0.804,    [     0.922],     1.800

 trans: ising_35_0.10_0.35,     0.761 ±  0.019
 α, β: [     0.888] ± [     0.027],  1.714 ±  0.126


seed_val:    1
(T=1.0) Metropolis ended with magnetization 0.007346938775510204 after 1000000 iterations
 0.693,     0.759,    [    -0.716],     1.614
 0.699,     0.784,    [    -0.797],     1.505
 0.710,     0.792,    [    -0.839],     1.523
 0.703,     0.808,    [    -0.865],     1.560
 0.707,     0.808,    [    -0.884],     1.604
 0.706,     0.804,    [    -0.898],     1.639
 0.710,     0.796,    [    -0.908],     1.667
 0.713,     0.792,    [    -0.916],     1.689
 0.717,     0.796,    [    -0.923],     1.712
 0.716,     0.800,    [    -0.928],     1.725
 0.718,     0.804,    [    -0.933],     1.739
 0.714,     0.796,    [    -0.936],     1.752
 0.701,     0.784,    [    -0.939],     1.759
 0.707,     0.800,    [    -0.942],     1.772
 0.714,     0.792,    [    -0.944],     1.780

 pctg,    rr,    α,    β
 0.600,     0.780,    [    -0.944],     1.780


seed_val:    2
(T=1.0) Metropolis ended with magnetization 0.0236734693877551 after 1000000 iterations
 0.659,     0.759,    [    -0.703],     1.585
 0.669,     0.776,    [    -0.781],     1.466
 0.705,     0.780,    [    -0.821],     1.484
 0.702,     0.771,    [    -0.848],     1.527
 0.703,     0.780,    [    -0.868],     1.567
 0.713,     0.776,    [    -0.882],     1.600
 0.703,     0.780,    [    -0.893],     1.628
 0.716,     0.767,    [    -0.902],     1.651
 0.709,     0.763,    [    -0.909],     1.668
 0.713,     0.771,    [    -0.915],     1.684
 0.713,     0.780,    [    -0.919],     1.693
 0.714,     0.776,    [    -0.923],     1.704
 0.716,     0.780,    [    -0.927],     1.714
 0.720,     0.771,    [    -0.930],     1.717
 0.716,     0.755,    [    -0.932],     1.725

 pctg,    rr,    α,    β
 0.600,     0.784,    [    -0.932],     1.725


seed_val:    3
(T=1.0) Metropolis ended with magnetization 0.015510204081632653 after 1000000 iterations
 0.667,     0.759,    [    -0.686],     1.562
 0.693,     0.767,    [    -0.768],     1.444
 0.691,     0.771,    [    -0.811],     1.457
 0.691,     0.776,    [    -0.840],     1.497
 0.693,     0.780,    [    -0.861],     1.529
 0.695,     0.784,    [    -0.876],     1.557
 0.705,     0.771,    [    -0.888],     1.585
 0.698,     0.771,    [    -0.897],     1.602
 0.705,     0.771,    [    -0.904],     1.623
 0.695,     0.763,    [    -0.910],     1.639
 0.701,     0.771,    [    -0.915],     1.646
 0.693,     0.763,    [    -0.919],     1.660
 0.699,     0.767,    [    -0.923],     1.671
 0.703,     0.767,    [    -0.926],     1.679
 0.698,     0.755,    [    -0.928],     1.685

 pctg,    rr,    α,    β
 0.600,     0.727,    [    -0.928],     1.685


seed_val:    4
(T=1.0) Metropolis ended with magnetization 0.015510204081632653 after 1000000 iterations
 0.665,     0.759,    [    -0.673],     1.502
 0.706,     0.767,    [    -0.769],     1.428
 0.725,     0.767,    [    -0.822],     1.473
 0.717,     0.788,    [    -0.855],     1.537
 0.727,     0.792,    [    -0.878],     1.593
 0.731,     0.780,    [    -0.895],     1.641
 0.728,     0.780,    [    -0.907],     1.676
 0.729,     0.792,    [    -0.917],     1.707
 0.732,     0.776,    [    -0.924],     1.734
 0.733,     0.792,    [    -0.930],     1.748
 0.733,     0.784,    [    -0.935],     1.762
 0.732,     0.784,    [    -0.939],     1.779
 0.732,     0.796,    [    -0.942],     1.789
 0.736,     0.792,    [    -0.945],     1.798
 0.729,     0.792,    [    -0.948],     1.804

 pctg,    rr,    α,    β
 0.600,     0.784,    [    -0.948],     1.804


seed_val:    5
(T=1.0) Metropolis ended with magnetization 0.005714285714285714 after 1000000 iterations
 0.718,     0.755,    [    -0.737],     1.668
 0.722,     0.767,    [    -0.812],     1.554
 0.720,     0.763,    [    -0.851],     1.572
 0.728,     0.784,    [    -0.876],     1.611
 0.725,     0.784,    [    -0.893],     1.651
 0.725,     0.780,    [    -0.906],     1.687
 0.721,     0.776,    [    -0.915],     1.710
 0.735,     0.771,    [    -0.923],     1.740
 0.736,     0.771,    [    -0.929],     1.756
 0.737,     0.771,    [    -0.934],     1.767
 0.735,     0.776,    [    -0.938],     1.780
 0.735,     0.767,    [    -0.941],     1.795
 0.733,     0.771,    [    -0.944],     1.800
 0.736,     0.776,    [    -0.947],     1.811
 0.740,     0.780,    [    -0.949],     1.817

 pctg,    rr,    α,    β
 0.600,     0.804,    [    -0.949],     1.817


seed_val:    6
(T=1.0) Metropolis ended with magnetization 0.015510204081632653 after 1000000 iterations
 0.652,     0.731,    [    -0.705],     1.595
 0.682,     0.751,    [    -0.784],     1.469
 0.686,     0.739,    [    -0.825],     1.482
 0.701,     0.739,    [    -0.852],     1.518
 0.697,     0.739,    [    -0.871],     1.556
 0.691,     0.731,    [    -0.885],     1.591
 0.691,     0.743,    [    -0.896],     1.622
 0.687,     0.751,    [    -0.905],     1.644
 0.693,     0.743,    [    -0.912],     1.660
 0.684,     0.747,    [    -0.918],     1.675
 0.690,     0.747,    [    -0.923],     1.688
 0.686,     0.739,    [    -0.927],     1.698
 0.688,     0.735,    [    -0.930],     1.707
 0.682,     0.747,    [    -0.933],     1.716
 0.687,     0.739,    [    -0.935],     1.721

 pctg,    rr,    α,    β
 0.600,     0.743,    [    -0.935],     1.721


seed_val:    7
(T=1.0) Metropolis ended with magnetization 0.0008163265306122449 after 1000000 iterations
 0.682,     0.763,    [    -0.748],     1.702
 0.680,     0.763,    [    -0.820],     1.582
 0.682,     0.767,    [    -0.856],     1.584
 0.676,     0.767,    [    -0.878],     1.619
 0.683,     0.763,    [    -0.895],     1.652
 0.684,     0.759,    [    -0.907],     1.681
 0.684,     0.763,    [    -0.916],     1.706
 0.686,     0.763,    [    -0.923],     1.735
 0.683,     0.759,    [    -0.929],     1.748
 0.687,     0.767,    [    -0.933],     1.761
 0.683,     0.767,    [    -0.937],     1.772
 0.684,     0.751,    [    -0.940],     1.777
 0.686,     0.763,    [    -0.943],     1.785
 0.686,     0.767,    [    -0.945],     1.795
 0.680,     0.759,    [    -0.947],     1.801

 pctg,    rr,    α,    β
 0.600,     0.800,    [    -0.947],     1.801


seed_val:    8
(T=1.0) Metropolis ended with magnetization 0.010612244897959184 after 1000000 iterations
 0.637,     0.751,    [    -0.627],     1.478
 0.684,     0.767,    [    -0.716],     1.352
 0.688,     0.767,    [    -0.764],     1.362
 0.694,     0.776,    [    -0.796],     1.392
 0.701,     0.776,    [    -0.820],     1.423
 0.702,     0.780,    [    -0.838],     1.453
 0.698,     0.759,    [    -0.852],     1.476
 0.695,     0.767,    [    -0.862],     1.492
 0.706,     0.784,    [    -0.871],     1.505
 0.706,     0.784,    [    -0.879],     1.519
 0.710,     0.776,    [    -0.885],     1.534
 0.702,     0.771,    [    -0.890],     1.540
 0.707,     0.771,    [    -0.894],     1.547
 0.705,     0.771,    [    -0.898],     1.557
 0.709,     0.767,    [    -0.901],     1.566

 pctg,    rr,    α,    β
 0.600,     0.751,    [    -0.901],     1.566


seed_val:    9
(T=1.0) Metropolis ended with magnetization 0.015510204081632653 after 1000000 iterations
 0.637,     0.739,    [    -0.633],     1.455
 0.680,     0.767,    [    -0.730],     1.378
 0.682,     0.759,    [    -0.783],     1.411
 0.678,     0.747,    [    -0.817],     1.458
 0.680,     0.747,    [    -0.843],     1.501
 0.684,     0.759,    [    -0.861],     1.534
 0.680,     0.755,    [    -0.874],     1.563
 0.680,     0.751,    [    -0.885],     1.581
 0.676,     0.759,    [    -0.893],     1.603
 0.687,     0.763,    [    -0.900],     1.613
 0.675,     0.747,    [    -0.906],     1.622
 0.684,     0.755,    [    -0.911],     1.630
 0.684,     0.747,    [    -0.914],     1.640
 0.682,     0.751,    [    -0.918],     1.652
 0.686,     0.739,    [    -0.921],     1.658

 pctg,    rr,    α,    β
 0.600,     0.763,    [    -0.921],     1.658


seed_val:    10
(T=1.0) Metropolis ended with magnetization 0.0236734693877551 after 1000000 iterations
 0.701,     0.788,    [    -0.702],     1.609
 0.703,     0.792,    [    -0.776],     1.461
 0.713,     0.788,    [    -0.815],     1.457
 0.707,     0.792,    [    -0.841],     1.476
 0.717,     0.800,    [    -0.859],     1.509
 0.724,     0.796,    [    -0.873],     1.537
 0.713,     0.800,    [    -0.884],     1.559
 0.729,     0.808,    [    -0.893],     1.573
 0.722,     0.800,    [    -0.900],     1.589
 0.712,     0.800,    [    -0.906],     1.604
 0.721,     0.804,    [    -0.911],     1.613
 0.721,     0.812,    [    -0.915],     1.618
 0.713,     0.804,    [    -0.918],     1.624
 0.720,     0.804,    [    -0.921],     1.636
 0.727,     0.800,    [    -0.923],     1.647

 pctg,    rr,    α,    β
 0.600,     0.763,    [    -0.923],     1.647

 trans: ising_35_0.10_-0.35,     0.770 ±  0.025
 α, β: [    -0.933] ± [     0.015],  1.720 ±  0.082


seed_val:    1
 0.562,     0.604,    [     0.791],     3.443
 0.619,     0.650,    [     0.822],     3.651
 0.657,     0.677,    [     0.839],     4.092
 0.688,     0.707,    [     0.853],     4.584
 0.708,     0.724,    [     0.864],     5.043
 0.730,     0.737,    [     0.875],     5.542
 0.752,     0.752,    [     0.884],     6.074
 0.773,     0.764,    [     0.892],     6.665
 0.783,     0.768,    [     0.900],     7.204
 0.794,     0.776,    [     0.906],     7.702
 0.798,     0.775,    [     0.911],     8.154
 0.808,     0.778,    [     0.915],     8.552
 0.815,     0.781,    [     0.918],     8.952
 0.819,     0.784,    [     0.921],     9.283
 0.824,     0.783,    [     0.924],     9.656

 pctg,    rr,    α,    β
 0.600,     0.807,    [     0.924],     9.656


seed_val:    2
 0.495,     0.636,    [     0.878],     2.621
 0.627,     0.689,    [     0.891],     3.274
 0.664,     0.704,    [     0.894],     3.961
 0.687,     0.721,    [     0.895],     4.481
 0.704,     0.734,    [     0.896],     4.881
 0.719,     0.746,    [     0.897],     5.201
 0.730,     0.751,    [     0.898],     5.483
 0.741,     0.759,    [     0.899],     5.750
 0.753,     0.765,    [     0.901],     6.032
 0.761,     0.769,    [     0.902],     6.290
 0.770,     0.774,    [     0.903],     6.551
 0.780,     0.772,    [     0.905],     6.804
 0.786,     0.777,    [     0.905],     7.066
 0.790,     0.781,    [     0.906],     7.294
 0.797,     0.782,    [     0.907],     7.505

 pctg,    rr,    α,    β
 0.600,     0.802,    [     0.907],     7.505


seed_val:    3
 0.601,     0.619,    [     0.849],     3.496
 0.676,     0.659,    [     0.873],     3.927
 0.707,     0.684,    [     0.881],     4.494
 0.727,     0.700,    [     0.889],     4.997
 0.744,     0.718,    [     0.896],     5.477
 0.758,     0.729,    [     0.902],     5.897
 0.771,     0.740,    [     0.907],     6.316
 0.782,     0.752,    [     0.913],     6.724
 0.789,     0.756,    [     0.918],     7.080
 0.797,     0.765,    [     0.922],     7.386
 0.806,     0.773,    [     0.926],     7.725
 0.808,     0.772,    [     0.929],     7.992
 0.812,     0.777,    [     0.931],     8.206
 0.817,     0.774,    [     0.933],     8.466
 0.821,     0.778,    [     0.935],     8.662

 pctg,    rr,    α,    β
 0.600,     0.757,    [     0.935],     8.662


seed_val:    4
 0.507,     0.590,    [     0.861],     2.830
 0.625,     0.650,    [     0.876],     3.371
 0.669,     0.675,    [     0.880],     4.019
 0.697,     0.689,    [     0.886],     4.579
 0.716,     0.698,    [     0.892],     5.060
 0.732,     0.710,    [     0.898],     5.484
 0.746,     0.719,    [     0.904],     5.845
 0.758,     0.728,    [     0.909],     6.212
 0.765,     0.728,    [     0.913],     6.555
 0.776,     0.739,    [     0.917],     6.902
 0.784,     0.743,    [     0.920],     7.190
 0.790,     0.744,    [     0.922],     7.520
 0.795,     0.741,    [     0.924],     7.839
 0.800,     0.746,    [     0.925],     8.125
 0.804,     0.745,    [     0.926],     8.380

 pctg,    rr,    α,    β
 0.600,     0.804,    [     0.926],     8.380


seed_val:    5
 0.604,     0.638,    [     0.802],     3.604
 0.674,     0.700,    [     0.829],     4.067
 0.706,     0.730,    [     0.844],     4.644
 0.724,     0.747,    [     0.857],     5.163
 0.740,     0.766,    [     0.867],     5.618
 0.753,     0.774,    [     0.876],     6.018
 0.765,     0.789,    [     0.883],     6.418
 0.775,     0.793,    [     0.889],     6.771
 0.783,     0.800,    [     0.894],     7.114
 0.790,     0.800,    [     0.898],     7.427
 0.797,     0.807,    [     0.901],     7.721
 0.804,     0.813,    [     0.904],     7.988
 0.806,     0.816,    [     0.906],     8.206
 0.813,     0.814,    [     0.908],     8.461
 0.811,     0.813,    [     0.910],     8.636

 pctg,    rr,    α,    β
 0.600,     0.811,    [     0.910],     8.636


seed_val:    6
 0.492,     0.558,    [     0.812],     2.915
 0.589,     0.639,    [     0.838],     3.187
 0.637,     0.687,    [     0.852],     3.666
 0.668,     0.712,    [     0.864],     4.165
 0.687,     0.726,    [     0.875],     4.598
 0.702,     0.737,    [     0.885],     4.964
 0.713,     0.745,    [     0.893],     5.282
 0.725,     0.754,    [     0.900],     5.544
 0.734,     0.763,    [     0.905],     5.807
 0.742,     0.763,    [     0.910],     6.087
 0.755,     0.776,    [     0.915],     6.385
 0.762,     0.780,    [     0.918],     6.687
 0.773,     0.792,    [     0.922],     7.028
 0.780,     0.797,    [     0.924],     7.341
 0.786,     0.795,    [     0.926],     7.615

 pctg,    rr,    α,    β
 0.600,     0.777,    [     0.926],     7.615


seed_val:    7
 0.525,     0.631,    [     0.875],     2.553
 0.598,     0.686,    [     0.880],     3.191
 0.633,     0.713,    [     0.881],     3.766
 0.661,     0.736,    [     0.882],     4.260
 0.690,     0.758,    [     0.884],     4.688
 0.716,     0.779,    [     0.887],     5.116
 0.737,     0.793,    [     0.890],     5.584
 0.756,     0.803,    [     0.895],     6.056
 0.764,     0.803,    [     0.899],     6.478
 0.775,     0.812,    [     0.903],     6.833
 0.780,     0.813,    [     0.907],     7.134
 0.785,     0.820,    [     0.911],     7.383
 0.791,     0.820,    [     0.914],     7.633
 0.794,     0.819,    [     0.917],     7.821
 0.796,     0.817,    [     0.920],     7.983

 pctg,    rr,    α,    β
 0.600,     0.797,    [     0.920],     7.983


seed_val:    8
 0.541,     0.593,    [     0.828],     3.443
 0.620,     0.637,    [     0.860],     3.722
 0.667,     0.675,    [     0.873],     4.258
 0.698,     0.707,    [     0.880],     4.835
 0.721,     0.728,    [     0.886],     5.393
 0.738,     0.746,    [     0.893],     5.917
 0.757,     0.759,    [     0.899],     6.412
 0.763,     0.767,    [     0.904],     6.900
 0.781,     0.777,    [     0.909],     7.382
 0.787,     0.783,    [     0.913],     7.794
 0.795,     0.786,    [     0.917],     8.164
 0.800,     0.789,    [     0.921],     8.501
 0.803,     0.792,    [     0.924],     8.788
 0.810,     0.797,    [     0.926],     9.070
 0.814,     0.801,    [     0.928],     9.271

 pctg,    rr,    α,    β
 0.600,     0.800,    [     0.928],     9.271


seed_val:    9
 0.472,     0.564,    [     0.863],     2.474
 0.577,     0.638,    [     0.877],     2.928
 0.623,     0.674,    [     0.882],     3.490
 0.652,     0.697,    [     0.885],     3.975
 0.670,     0.712,    [     0.889],     4.366
 0.686,     0.725,    [     0.893],     4.683
 0.702,     0.739,    [     0.897],     4.974
 0.719,     0.751,    [     0.900],     5.292
 0.733,     0.762,    [     0.904],     5.629
 0.747,     0.770,    [     0.907],     5.962
 0.757,     0.779,    [     0.910],     6.286
 0.771,     0.791,    [     0.913],     6.649
 0.781,     0.796,    [     0.915],     7.026
 0.791,     0.799,    [     0.918],     7.407
 0.798,     0.805,    [     0.920],     7.767

 pctg,    rr,    α,    β
 0.600,     0.750,    [     0.920],     7.767


seed_val:    10
 0.433,     0.549,    [     0.900],     2.284
 0.578,     0.617,    [     0.914],     2.915
 0.648,     0.658,    [     0.917],     3.701
 0.684,     0.692,    [     0.919],     4.371
 0.714,     0.718,    [     0.922],     4.945
 0.733,     0.730,    [     0.926],     5.423
 0.751,     0.744,    [     0.928],     5.889
 0.770,     0.758,    [     0.931],     6.318
 0.780,     0.762,    [     0.933],     6.697
 0.793,     0.770,    [     0.935],     7.093
 0.798,     0.779,    [     0.936],     7.460
 0.809,     0.783,    [     0.937],     7.813
 0.819,     0.791,    [     0.938],     8.163
 0.819,     0.790,    [     0.938],     8.460
 0.822,     0.795,    [     0.938],     8.690

 pctg,    rr,    α,    β
 0.600,     0.806,    [     0.938],     8.690

 trans: county_income_2012,     0.791 ±  0.022
 α, β: [     0.923] ± [     0.010],  8.416 ±  0.710


seed_val:    1
 0.429,     0.417,    [     0.741],     2.645
 0.526,     0.490,    [     0.748],     2.716
 0.591,     0.549,    [     0.740],     3.018
 0.638,     0.594,    [     0.731],     3.412
 0.668,     0.619,    [     0.725],     3.786
 0.686,     0.639,    [     0.724],     4.108
 0.701,     0.650,    [     0.727],     4.371
 0.714,     0.661,    [     0.731],     4.618
 0.723,     0.667,    [     0.737],     4.820
 0.729,     0.678,    [     0.742],     5.017
 0.739,     0.679,    [     0.746],     5.200
 0.744,     0.684,    [     0.750],     5.353
 0.749,     0.694,    [     0.753],     5.497
 0.753,     0.693,    [     0.758],     5.595
 0.751,     0.687,    [     0.761],     5.690

 pctg,    rr,    α,    β
 0.600,     0.734,    [     0.761],     5.690


seed_val:    2
 0.322,     0.429,    [     0.845],     2.118
 0.455,     0.499,    [     0.858],     2.307
 0.558,     0.567,    [     0.851],     2.721
 0.613,     0.614,    [     0.839],     3.194
 0.644,     0.637,    [     0.830],     3.615
 0.664,     0.649,    [     0.824],     3.927
 0.678,     0.662,    [     0.821],     4.176
 0.690,     0.668,    [     0.819],     4.376
 0.699,     0.679,    [     0.818],     4.556
 0.706,     0.684,    [     0.819],     4.689
 0.711,     0.686,    [     0.820],     4.807
 0.717,     0.688,    [     0.821],     4.909
 0.720,     0.689,    [     0.822],     5.016
 0.725,     0.691,    [     0.823],     5.105
 0.730,     0.698,    [     0.824],     5.193

 pctg,    rr,    α,    β
 0.600,     0.718,    [     0.824],     5.193


seed_val:    3
 0.457,     0.489,    [     0.734],     2.759
 0.540,     0.562,    [     0.747],     2.810
 0.608,     0.620,    [     0.745],     3.132
 0.642,     0.647,    [     0.744],     3.514
 0.663,     0.668,    [     0.750],     3.863
 0.678,     0.680,    [     0.759],     4.147
 0.691,     0.689,    [     0.768],     4.409
 0.704,     0.697,    [     0.777],     4.644
 0.713,     0.699,    [     0.786],     4.865
 0.718,     0.702,    [     0.795],     5.064
 0.726,     0.707,    [     0.802],     5.269
 0.728,     0.706,    [     0.808],     5.427
 0.734,     0.712,    [     0.814],     5.552
 0.742,     0.714,    [     0.819],     5.706
 0.746,     0.719,    [     0.824],     5.836

 pctg,    rr,    α,    β
 0.600,     0.645,    [     0.824],     5.836


seed_val:    4
 0.326,     0.426,    [     0.844],     2.239
 0.459,     0.500,    [     0.859],     2.439
 0.570,     0.571,    [     0.849],     2.907
 0.616,     0.606,    [     0.836],     3.398
 0.639,     0.627,    [     0.827],     3.789
 0.657,     0.638,    [     0.822],     4.089
 0.670,     0.649,    [     0.819],     4.322
 0.680,     0.655,    [     0.817],     4.503
 0.688,     0.663,    [     0.817],     4.662
 0.695,     0.667,    [     0.818],     4.813
 0.704,     0.678,    [     0.819],     4.957
 0.711,     0.680,    [     0.821],     5.112
 0.719,     0.687,    [     0.823],     5.256
 0.725,     0.689,    [     0.825],     5.405
 0.730,     0.693,    [     0.827],     5.536

 pctg,    rr,    α,    β
 0.600,     0.724,    [     0.827],     5.536


seed_val:    5
 0.443,     0.521,    [     0.756],     2.623
 0.535,     0.576,    [     0.761],     2.695
 0.594,     0.609,    [     0.752],     2.960
 0.633,     0.603,    [     0.746],     3.298
 0.655,     0.604,    [     0.743],     3.599
 0.670,     0.609,    [     0.743],     3.832
 0.679,     0.620,    [     0.745],     4.031
 0.693,     0.616,    [     0.747],     4.209
 0.702,     0.626,    [     0.750],     4.375
 0.710,     0.622,    [     0.754],     4.528
 0.717,     0.633,    [     0.757],     4.667
 0.724,     0.640,    [     0.759],     4.803
 0.728,     0.643,    [     0.762],     4.911
 0.734,     0.647,    [     0.765],     5.027
 0.735,     0.638,    [     0.767],     5.125

 pctg,    rr,    α,    β
 0.600,     0.705,    [     0.767],     5.125


seed_val:    6
 0.335,     0.402,    [     0.812],     2.094
 0.486,     0.516,    [     0.810],     2.359
 0.545,     0.561,    [     0.796],     2.739
 0.585,     0.600,    [     0.784],     3.102
 0.618,     0.630,    [     0.774],     3.426
 0.644,     0.646,    [     0.768],     3.714
 0.661,     0.662,    [     0.763],     3.968
 0.676,     0.671,    [     0.761],     4.163
 0.685,     0.680,    [     0.761],     4.334
 0.694,     0.683,    [     0.762],     4.482
 0.701,     0.688,    [     0.765],     4.595
 0.705,     0.691,    [     0.768],     4.700
 0.711,     0.694,    [     0.770],     4.806
 0.716,     0.695,    [     0.773],     4.902
 0.719,     0.700,    [     0.775],     4.995

 pctg,    rr,    α,    β
 0.600,     0.673,    [     0.775],     4.995


seed_val:    7
 0.440,     0.574,    [     0.751],     2.805
 0.501,     0.618,    [     0.765],     2.805
 0.541,     0.653,    [     0.766],     2.989
 0.571,     0.678,    [     0.766],     3.220
 0.592,     0.687,    [     0.766],     3.424
 0.606,     0.703,    [     0.768],     3.608
 0.619,     0.707,    [     0.770],     3.757
 0.629,     0.719,    [     0.774],     3.914
 0.642,     0.724,    [     0.776],     4.064
 0.653,     0.732,    [     0.779],     4.206
 0.662,     0.732,    [     0.782],     4.363
 0.671,     0.739,    [     0.785],     4.508
 0.680,     0.738,    [     0.787],     4.649
 0.686,     0.749,    [     0.790],     4.763
 0.689,     0.753,    [     0.792],     4.879

 pctg,    rr,    α,    β
 0.600,     0.691,    [     0.792],     4.879


seed_val:    8
 0.204,     0.317,    [     0.819],     1.914
 0.329,     0.397,    [     0.826],     2.030
 0.456,     0.487,    [     0.809],     2.319
 0.532,     0.548,    [     0.787],     2.666
 0.594,     0.594,    [     0.766],     3.050
 0.644,     0.633,    [     0.752],     3.480
 0.672,     0.642,    [     0.746],     3.883
 0.684,     0.664,    [     0.745],     4.209
 0.697,     0.661,    [     0.748],     4.441
 0.705,     0.669,    [     0.752],     4.621
 0.713,     0.675,    [     0.757],     4.763
 0.721,     0.669,    [     0.761],     4.904
 0.728,     0.674,    [     0.764],     5.033
 0.734,     0.678,    [     0.767],     5.165
 0.735,     0.695,    [     0.769],     5.263

 pctg,    rr,    α,    β
 0.600,     0.754,    [     0.769],     5.263


seed_val:    9
 0.511,     0.592,    [     0.692],     3.182
 0.553,     0.623,    [     0.723],     3.010
 0.581,     0.644,    [     0.732],     3.124
 0.606,     0.660,    [     0.736],     3.303
 0.626,     0.673,    [     0.738],     3.503
 0.647,     0.691,    [     0.739],     3.722
 0.665,     0.701,    [     0.741],     3.948
 0.677,     0.710,    [     0.743],     4.166
 0.697,     0.717,    [     0.745],     4.419
 0.706,     0.724,    [     0.747],     4.640
 0.720,     0.728,    [     0.751],     4.844
 0.729,     0.732,    [     0.755],     5.024
 0.736,     0.735,    [     0.758],     5.184
 0.741,     0.740,    [     0.760],     5.319
 0.746,     0.736,    [     0.761],     5.450

 pctg,    rr,    α,    β
 0.600,     0.712,    [     0.761],     5.450


seed_val:    10
 0.285,     0.402,    [     0.861],     2.170
 0.402,     0.472,    [     0.878],     2.338
 0.507,     0.535,    [     0.876],     2.684
 0.551,     0.568,    [     0.868],     3.018
 0.578,     0.597,    [     0.859],     3.270
 0.603,     0.620,    [     0.852],     3.463
 0.625,     0.639,    [     0.844],     3.661
 0.644,     0.653,    [     0.838],     3.848
 0.661,     0.659,    [     0.832],     4.032
 0.677,     0.674,    [     0.828],     4.221
 0.694,     0.684,    [     0.825],     4.422
 0.706,     0.690,    [     0.822],     4.620
 0.720,     0.693,    [     0.819],     4.807
 0.729,     0.699,    [     0.816],     5.000
 0.739,     0.705,    [     0.814],     5.175

 pctg,    rr,    α,    β
 0.600,     0.701,    [     0.814],     5.175

 trans: county_education_2012,     0.706 ±  0.031
 α, β: [     0.792] ± [     0.028],  5.314 ±  0.307


seed_val:    1
 0.527,     0.677,    [     0.920],     2.910
 0.630,     0.729,    [     0.950],     3.614
 0.697,     0.769,    [     0.963],     4.580
 0.722,     0.782,    [     0.970],     5.501
 0.735,     0.788,    [     0.975],     6.197
 0.744,     0.789,    [     0.979],     6.679
 0.751,     0.792,    [     0.982],     7.009
 0.755,     0.792,    [     0.984],     7.248
 0.757,     0.792,    [     0.985],     7.408
 0.761,     0.793,    [     0.986],     7.556
 0.763,     0.795,    [     0.987],     7.687
 0.765,     0.795,    [     0.988],     7.774
 0.767,     0.792,    [     0.989],     7.883
 0.770,     0.795,    [     0.989],     7.961
 0.771,     0.792,    [     0.990],     8.053

 pctg,    rr,    α,    β
 0.600,     0.778,    [     0.990],     8.053


seed_val:    2
 0.540,     0.703,    [     0.916],     2.990
 0.626,     0.734,    [     0.949],     3.786
 0.667,     0.751,    [     0.964],     4.652
 0.689,     0.767,    [     0.972],     5.431
 0.705,     0.779,    [     0.977],     6.082
 0.715,     0.779,    [     0.980],     6.587
 0.721,     0.779,    [     0.982],     6.952
 0.723,     0.775,    [     0.984],     7.216
 0.724,     0.773,    [     0.985],     7.404
 0.725,     0.772,    [     0.986],     7.549
 0.728,     0.772,    [     0.987],     7.682
 0.728,     0.770,    [     0.987],     7.785
 0.731,     0.769,    [     0.988],     7.883
 0.733,     0.769,    [     0.988],     7.992
 0.731,     0.765,    [     0.988],     8.110

 pctg,    rr,    α,    β
 0.600,     0.791,    [     0.988],     8.110


seed_val:    3
 0.547,     0.663,    [     0.920],     3.165
 0.611,     0.686,    [     0.952],     3.921
 0.645,     0.704,    [     0.966],     4.720
 0.673,     0.721,    [     0.974],     5.477
 0.692,     0.733,    [     0.979],     6.127
 0.703,     0.736,    [     0.982],     6.617
 0.711,     0.737,    [     0.984],     6.981
 0.715,     0.735,    [     0.986],     7.258
 0.722,     0.734,    [     0.987],     7.456
 0.725,     0.732,    [     0.989],     7.618
 0.729,     0.732,    [     0.989],     7.751
 0.734,     0.732,    [     0.990],     7.859
 0.736,     0.735,    [     0.991],     7.965
 0.738,     0.732,    [     0.991],     8.057
 0.739,     0.733,    [     0.992],     8.115

 pctg,    rr,    α,    β
 0.600,     0.832,    [     0.992],     8.115


seed_val:    4
 0.550,     0.722,    [     0.926],     3.076
 0.647,     0.750,    [     0.955],     3.856
 0.721,     0.780,    [     0.967],     4.913
 0.743,     0.781,    [     0.973],     5.858
 0.751,     0.781,    [     0.978],     6.484
 0.761,     0.782,    [     0.981],     6.924
 0.767,     0.781,    [     0.984],     7.258
 0.771,     0.778,    [     0.985],     7.508
 0.775,     0.780,    [     0.987],     7.712
 0.779,     0.776,    [     0.988],     7.885
 0.781,     0.775,    [     0.989],     7.998
 0.782,     0.772,    [     0.989],     8.104
 0.785,     0.770,    [     0.990],     8.222
 0.787,     0.765,    [     0.990],     8.317
 0.789,     0.764,    [     0.991],     8.426

 pctg,    rr,    α,    β
 0.600,     0.740,    [     0.991],     8.426


seed_val:    5
 0.591,     0.726,    [     0.917],     3.441
 0.670,     0.742,    [     0.948],     4.241
 0.704,     0.744,    [     0.961],     5.128
 0.719,     0.750,    [     0.969],     5.852
 0.732,     0.755,    [     0.975],     6.386
 0.740,     0.756,    [     0.978],     6.765
 0.742,     0.755,    [     0.981],     7.064
 0.747,     0.757,    [     0.982],     7.283
 0.751,     0.755,    [     0.984],     7.449
 0.755,     0.759,    [     0.985],     7.639
 0.759,     0.754,    [     0.986],     7.798
 0.759,     0.755,    [     0.986],     7.895
 0.763,     0.756,    [     0.987],     8.013
 0.765,     0.755,    [     0.987],     8.143
 0.765,     0.757,    [     0.987],     8.221

 pctg,    rr,    α,    β
 0.600,     0.756,    [     0.987],     8.221


seed_val:    6
 0.645,     0.782,    [     0.911],     3.588
 0.710,     0.817,    [     0.947],     4.469
 0.728,     0.828,    [     0.962],     5.352
 0.742,     0.831,    [     0.971],     6.105
 0.750,     0.832,    [     0.977],     6.670
 0.755,     0.830,    [     0.980],     7.086
 0.759,     0.833,    [     0.983],     7.388
 0.762,     0.835,    [     0.985],     7.613
 0.764,     0.834,    [     0.987],     7.788
 0.766,     0.836,    [     0.988],     7.927
 0.768,     0.834,    [     0.989],     8.030
 0.768,     0.834,    [     0.990],     8.116
 0.771,     0.834,    [     0.991],     8.239
 0.771,     0.832,    [     0.991],     8.315
 0.773,     0.833,    [     0.992],     8.408

 pctg,    rr,    α,    β
 0.600,     0.786,    [     0.992],     8.408


seed_val:    7
 0.525,     0.667,    [     0.923],     2.188
 0.612,     0.713,    [     0.941],     3.036
 0.667,     0.741,    [     0.953],     3.917
 0.696,     0.760,    [     0.962],     4.722
 0.717,     0.774,    [     0.969],     5.385
 0.729,     0.782,    [     0.974],     5.920
 0.736,     0.786,    [     0.978],     6.299
 0.743,     0.790,    [     0.981],     6.581
 0.746,     0.793,    [     0.983],     6.817
 0.749,     0.795,    [     0.984],     6.981
 0.751,     0.795,    [     0.986],     7.137
 0.755,     0.798,    [     0.987],     7.259
 0.755,     0.797,    [     0.988],     7.367
 0.757,     0.797,    [     0.988],     7.460
 0.761,     0.800,    [     0.989],     7.541

 pctg,    rr,    α,    β
 0.600,     0.811,    [     0.989],     7.541


seed_val:    8
 0.586,     0.709,    [     0.926],     2.834
 0.674,     0.753,    [     0.954],     3.632
 0.720,     0.778,    [     0.967],     4.592
 0.733,     0.784,    [     0.974],     5.481
 0.741,     0.790,    [     0.978],     6.138
 0.751,     0.795,    [     0.981],     6.598
 0.757,     0.797,    [     0.984],     6.914
 0.763,     0.799,    [     0.985],     7.191
 0.767,     0.799,    [     0.987],     7.405
 0.771,     0.801,    [     0.988],     7.595
 0.775,     0.802,    [     0.989],     7.734
 0.777,     0.800,    [     0.990],     7.879
 0.777,     0.800,    [     0.990],     7.985
 0.782,     0.800,    [     0.991],     8.109
 0.781,     0.801,    [     0.991],     8.166

 pctg,    rr,    α,    β
 0.600,     0.733,    [     0.991],     8.166


seed_val:    9
 0.505,     0.622,    [     0.923],     2.226
 0.596,     0.669,    [     0.944],     2.908
 0.657,     0.701,    [     0.957],     3.656
 0.699,     0.720,    [     0.965],     4.409
 0.720,     0.730,    [     0.971],     5.079
 0.733,     0.733,    [     0.976],     5.596
 0.742,     0.741,    [     0.979],     6.001
 0.752,     0.745,    [     0.981],     6.354
 0.756,     0.749,    [     0.983],     6.632
 0.760,     0.754,    [     0.985],     6.864
 0.762,     0.755,    [     0.986],     7.040
 0.764,     0.758,    [     0.987],     7.191
 0.766,     0.758,    [     0.988],     7.314
 0.766,     0.758,    [     0.988],     7.396
 0.767,     0.758,    [     0.989],     7.485

 pctg,    rr,    α,    β
 0.600,     0.788,    [     0.989],     7.485


seed_val:    10
 0.558,     0.695,    [     0.930],     2.758
 0.647,     0.745,    [     0.953],     3.609
 0.693,     0.765,    [     0.965],     4.490
 0.719,     0.780,    [     0.972],     5.356
 0.730,     0.783,    [     0.977],     6.014
 0.738,     0.784,    [     0.981],     6.423
 0.741,     0.785,    [     0.983],     6.726
 0.747,     0.785,    [     0.985],     6.950
 0.748,     0.785,    [     0.987],     7.120
 0.750,     0.787,    [     0.988],     7.253
 0.755,     0.788,    [     0.989],     7.391
 0.757,     0.789,    [     0.989],     7.500
 0.757,     0.787,    [     0.990],     7.569
 0.760,     0.789,    [     0.990],     7.663
 0.762,     0.791,    [     0.991],     7.742

 pctg,    rr,    α,    β
 0.600,     0.792,    [     0.991],     7.742

 trans: county_unemployment_2012,     0.781 ±  0.031
 α, β: [     0.990] ± [     0.002],  8.027 ±  0.331


seed_val:    1
 0.204,     0.268,    [     0.378],    14.582
 0.381,     0.438,    [     0.506],    17.839
 0.467,     0.523,    [     0.615],    22.389
 0.521,     0.577,    [     0.710],    27.458
 0.572,     0.618,    [     0.785],    33.001
 0.602,     0.630,    [     0.838],    38.635
 0.627,     0.659,    [     0.875],    43.754
 0.648,     0.670,    [     0.898],    48.545
 0.664,     0.686,    [     0.915],    52.539
 0.678,     0.690,    [     0.927],    55.920
 0.682,     0.688,    [     0.935],    58.615
 0.687,     0.694,    [     0.941],    60.605
 0.691,     0.691,    [     0.946],    62.697
 0.700,     0.691,    [     0.949],    64.322
 0.710,     0.691,    [     0.952],    66.039

 pctg,    rr,    α,    β
 0.600,     0.715,    [     0.952],    66.039


seed_val:    2
 0.165,     0.286,    [     0.525],    12.960
 0.352,     0.482,    [     0.605],    17.079
 0.468,     0.569,    [     0.686],    22.345
 0.539,     0.630,    [     0.760],    28.404
 0.588,     0.656,    [     0.819],    34.736
 0.621,     0.670,    [     0.861],    40.814
 0.649,     0.672,    [     0.890],    46.351
 0.666,     0.680,    [     0.908],    51.107
 0.679,     0.677,    [     0.922],    55.209
 0.693,     0.686,    [     0.932],    58.579
 0.697,     0.690,    [     0.939],    61.523
 0.708,     0.686,    [     0.944],    63.991
 0.708,     0.687,    [     0.948],    65.873
 0.715,     0.682,    [     0.951],    67.282
 0.715,     0.683,    [     0.954],    68.763

 pctg,    rr,    α,    β
 0.600,     0.735,    [     0.954],    68.763


seed_val:    3
 0.244,     0.366,    [     0.386],    14.732
 0.405,     0.516,    [     0.508],    18.300
 0.498,     0.590,    [     0.613],    23.024
 0.560,     0.631,    [     0.703],    28.380
 0.603,     0.657,    [     0.774],    34.202
 0.631,     0.677,    [     0.827],    39.953
 0.647,     0.679,    [     0.865],    45.399
 0.668,     0.690,    [     0.892],    50.162
 0.683,     0.696,    [     0.910],    54.468
 0.686,     0.693,    [     0.923],    57.941
 0.701,     0.696,    [     0.932],    61.109
 0.698,     0.689,    [     0.939],    63.454
 0.711,     0.695,    [     0.944],    65.454
 0.710,     0.688,    [     0.948],    67.475
 0.714,     0.689,    [     0.952],    68.897

 pctg,    rr,    α,    β
 0.600,     0.684,    [     0.952],    68.897


seed_val:    4
 0.329,     0.287,    [     0.351],    15.926
 0.460,     0.427,    [     0.486],    19.714
 0.529,     0.506,    [     0.605],    24.443
 0.581,     0.556,    [     0.708],    29.724
 0.619,     0.586,    [     0.787],    35.360
 0.647,     0.610,    [     0.842],    41.283
 0.672,     0.631,    [     0.880],    46.946
 0.683,     0.632,    [     0.905],    52.059
 0.696,     0.648,    [     0.922],    56.365
 0.706,     0.658,    [     0.934],    59.869
 0.712,     0.657,    [     0.943],    62.557
 0.718,     0.662,    [     0.949],    65.051
 0.725,     0.666,    [     0.954],    67.235
 0.729,     0.663,    [     0.958],    68.857
 0.734,     0.667,    [     0.960],    70.697

 pctg,    rr,    α,    β
 0.600,     0.683,    [     0.960],    70.697


seed_val:    5
 0.312,     0.298,    [     0.329],    16.752
 0.441,     0.445,    [     0.484],    19.780
 0.518,     0.512,    [     0.595],    24.108
 0.561,     0.564,    [     0.685],    28.726
 0.600,     0.596,    [     0.751],    33.488
 0.632,     0.620,    [     0.801],    38.040
 0.647,     0.642,    [     0.838],    42.125
 0.668,     0.659,    [     0.865],    46.017
 0.681,     0.666,    [     0.886],    49.337
 0.688,     0.678,    [     0.901],    52.260
 0.698,     0.679,    [     0.913],    54.812
 0.706,     0.682,    [     0.922],    57.007
 0.712,     0.697,    [     0.929],    59.103
 0.718,     0.689,    [     0.935],    60.951
 0.718,     0.688,    [     0.940],    62.492

 pctg,    rr,    α,    β
 0.600,     0.676,    [     0.940],    62.492


seed_val:    6
 0.104,     0.176,    [     0.379],    13.542
 0.321,     0.386,    [     0.498],    16.143
 0.428,     0.498,    [     0.595],    20.176
 0.512,     0.583,    [     0.681],    25.036
 0.563,     0.641,    [     0.755],    30.532
 0.616,     0.670,    [     0.811],    36.482
 0.643,     0.688,    [     0.852],    42.240
 0.662,     0.692,    [     0.881],    47.186
 0.672,     0.693,    [     0.901],    51.323
 0.686,     0.701,    [     0.915],    54.902
 0.692,     0.708,    [     0.926],    57.508
 0.698,     0.708,    [     0.934],    60.017
 0.707,     0.714,    [     0.940],    62.086
 0.707,     0.709,    [     0.945],    63.756
 0.710,     0.713,    [     0.949],    65.332

 pctg,    rr,    α,    β
 0.600,     0.701,    [     0.949],    65.332


seed_val:    7
-0.384,    -0.080,    [     0.708],     7.138
 0.091,     0.244,    [     0.710],    10.604
 0.347,     0.429,    [     0.720],    15.509
 0.459,     0.525,    [     0.749],    21.363
 0.531,     0.574,    [     0.789],    27.381
 0.576,     0.610,    [     0.829],    33.223
 0.608,     0.633,    [     0.863],    38.498
 0.628,     0.644,    [     0.889],    43.211
 0.641,     0.666,    [     0.909],    47.014
 0.658,     0.673,    [     0.923],    50.307
 0.670,     0.679,    [     0.933],    53.320
 0.675,     0.694,    [     0.940],    55.819
 0.682,     0.691,    [     0.946],    57.864
 0.688,     0.690,    [     0.951],    59.549
 0.690,     0.688,    [     0.954],    61.032

 pctg,    rr,    α,    β
 0.600,     0.669,    [     0.954],    61.032


seed_val:    8
 0.089,     0.199,    [     0.471],    12.450
 0.341,     0.436,    [     0.564],    16.096
 0.449,     0.536,    [     0.647],    21.037
 0.522,     0.599,    [     0.730],    26.496
 0.574,     0.644,    [     0.797],    32.384
 0.612,     0.670,    [     0.846],    38.207
 0.638,     0.682,    [     0.880],    43.487
 0.660,     0.697,    [     0.903],    48.549
 0.673,     0.710,    [     0.919],    52.597
 0.686,     0.711,    [     0.930],    56.219
 0.694,     0.713,    [     0.938],    59.101
 0.699,     0.716,    [     0.945],    61.390
 0.704,     0.719,    [     0.949],    63.474
 0.709,     0.720,    [     0.952],    65.145
 0.719,     0.723,    [     0.955],    66.406

 pctg,    rr,    α,    β
 0.600,     0.652,    [     0.955],    66.406


seed_val:    9
 0.032,     0.129,    [     0.564],    10.742
 0.322,     0.391,    [     0.607],    15.079
 0.445,     0.477,    [     0.660],    20.564
 0.518,     0.526,    [     0.724],    26.304
 0.573,     0.568,    [     0.781],    32.187
 0.612,     0.596,    [     0.828],    38.143
 0.638,     0.618,    [     0.861],    43.743
 0.661,     0.632,    [     0.885],    48.703
 0.674,     0.639,    [     0.904],    52.902
 0.683,     0.647,    [     0.917],    56.424
 0.690,     0.655,    [     0.928],    59.267
 0.698,     0.664,    [     0.935],    62.015
 0.703,     0.655,    [     0.942],    64.270
 0.704,     0.663,    [     0.946],    66.591
 0.716,     0.657,    [     0.950],    68.543

 pctg,    rr,    α,    β
 0.600,     0.707,    [     0.950],    68.543


seed_val:    10
 0.193,     0.292,    [     0.452],    13.806
 0.382,     0.428,    [     0.542],    17.117
 0.475,     0.507,    [     0.619],    21.466
 0.552,     0.579,    [     0.693],    26.544
 0.604,     0.615,    [     0.758],    32.252
 0.637,     0.653,    [     0.810],    37.850
 0.659,     0.673,    [     0.848],    43.119
 0.677,     0.679,    [     0.877],    47.864
 0.695,     0.689,    [     0.897],    52.114
 0.703,     0.699,    [     0.911],    55.772
 0.713,     0.703,    [     0.922],    58.848
 0.718,     0.702,    [     0.930],    61.566
 0.719,     0.705,    [     0.936],    63.563
 0.728,     0.699,    [     0.941],    65.482
 0.734,     0.699,    [     0.944],    67.044

 pctg,    rr,    α,    β
 0.600,     0.687,    [     0.944],    67.044

 trans: county_election_2012,     0.691 ±  0.024
 α, β: [     0.951] ± [     0.006], 66.525 ±  2.991


seed_val:    1
 0.316,     0.437,    [     0.720,      0.114],     1.896
 0.437,     0.524,    [     0.803,      0.135],     1.972
 0.558,     0.595,    [     0.843,      0.161],     2.328
 0.667,     0.669,    [     0.866,      0.180],     2.950
 0.727,     0.716,    [     0.882,      0.191],     3.719
 0.763,     0.738,    [     0.894,      0.195],     4.420
 0.780,     0.741,    [     0.903,      0.198],     4.946
 0.788,     0.754,    [     0.911,      0.201],     5.281
 0.797,     0.751,    [     0.918,      0.207],     5.507
 0.800,     0.752,    [     0.924,      0.208],     5.729
 0.802,     0.753,    [     0.929,      0.214],     5.840
 0.808,     0.763,    [     0.934,      0.207],     6.001
 0.812,     0.756,    [     0.938,      0.205],     6.148
 0.816,     0.756,    [     0.942,      0.203],     6.245
 0.807,     0.742,    [     0.945,      0.200],     6.296

 pctg,    rr,    α,    β
 0.600,     0.852,    [     0.945,      0.200],     6.296


seed_val:    2
 0.355,     0.519,    [     0.747,      0.015],     1.948
 0.499,     0.622,    [     0.813,      0.022],     2.020
 0.630,     0.710,    [     0.843,      0.046],     2.412
 0.730,     0.798,    [     0.859,      0.071],     3.125
 0.761,     0.826,    [     0.873,      0.085],     3.980
 0.771,     0.834,    [     0.886,      0.097],     4.638
 0.782,     0.839,    [     0.898,      0.108],     5.090
 0.790,     0.845,    [     0.909,      0.118],     5.428
 0.793,     0.845,    [     0.918,      0.126],     5.659
 0.799,     0.852,    [     0.925,      0.131],     5.868
 0.802,     0.852,    [     0.932,      0.134],     6.061
 0.810,     0.854,    [     0.937,      0.136],     6.221
 0.811,     0.858,    [     0.942,      0.135],     6.367
 0.814,     0.854,    [     0.946,      0.135],     6.461
 0.820,     0.860,    [     0.949,      0.136],     6.632

 pctg,    rr,    α,    β
 0.600,     0.819,    [     0.949,      0.136],     6.632


seed_val:    3
 0.497,     0.628,    [     0.743,      0.264],     2.216
 0.640,     0.728,    [     0.798,      0.269],     2.682
 0.713,     0.775,    [     0.827,      0.272],     3.379
 0.758,     0.808,    [     0.848,      0.277],     4.188
 0.779,     0.821,    [     0.866,      0.284],     4.938
 0.791,     0.825,    [     0.881,      0.294],     5.443
 0.798,     0.836,    [     0.894,      0.301],     5.842
 0.801,     0.844,    [     0.905,      0.303],     6.098
 0.812,     0.846,    [     0.914,      0.306],     6.267
 0.816,     0.850,    [     0.921,      0.305],     6.412
 0.820,     0.852,    [     0.927,      0.303],     6.543
 0.825,     0.852,    [     0.932,      0.301],     6.676
 0.828,     0.853,    [     0.937,      0.298],     6.816
 0.832,     0.856,    [     0.941,      0.293],     6.949
 0.834,     0.860,    [     0.944,      0.288],     7.035

 pctg,    rr,    α,    β
 0.600,     0.800,    [     0.944,      0.288],     7.035


seed_val:    4
 0.419,     0.560,    [     0.726,      0.118],     2.045
 0.561,     0.639,    [     0.811,      0.142],     2.295
 0.660,     0.675,    [     0.852,      0.169],     2.861
 0.730,     0.701,    [     0.876,      0.185],     3.601
 0.757,     0.724,    [     0.892,      0.193],     4.311
 0.773,     0.730,    [     0.905,      0.198],     4.831
 0.785,     0.740,    [     0.915,      0.200],     5.225
 0.794,     0.749,    [     0.923,      0.210],     5.484
 0.799,     0.754,    [     0.930,      0.218],     5.731
 0.806,     0.745,    [     0.936,      0.221],     5.947
 0.811,     0.751,    [     0.941,      0.220],     6.090
 0.815,     0.763,    [     0.945,      0.218],     6.242
 0.820,     0.764,    [     0.948,      0.218],     6.368
 0.822,     0.762,    [     0.952,      0.215],     6.440
 0.822,     0.763,    [     0.954,      0.218],     6.555

 pctg,    rr,    α,    β
 0.600,     0.873,    [     0.954,      0.218],     6.555


seed_val:    5
 0.431,     0.574,    [     0.753,      0.080],     2.170
 0.560,     0.673,    [     0.828,      0.131],     2.268
 0.679,     0.746,    [     0.862,      0.168],     2.755
 0.759,     0.792,    [     0.879,      0.181],     3.546
 0.790,     0.803,    [     0.890,      0.175],     4.443
 0.799,     0.813,    [     0.900,      0.166],     5.116
 0.808,     0.814,    [     0.908,      0.152],     5.569
 0.811,     0.818,    [     0.916,      0.137],     5.890
 0.816,     0.821,    [     0.923,      0.121],     6.120
 0.820,     0.823,    [     0.929,      0.102],     6.277
 0.823,     0.824,    [     0.934,      0.085],     6.421
 0.821,     0.825,    [     0.939,      0.071],     6.476
 0.826,     0.827,    [     0.942,      0.052],     6.656
 0.829,     0.828,    [     0.946,      0.034],     6.768
 0.829,     0.828,    [     0.949,      0.018],     6.847

 pctg,    rr,    α,    β
 0.600,     0.783,    [     0.949,      0.018],     6.847


seed_val:    6
 0.414,     0.502,    [     0.711,      0.152],     2.219
 0.579,     0.631,    [     0.778,      0.196],     2.399
 0.720,     0.749,    [     0.805,      0.217],     3.023
 0.783,     0.795,    [     0.817,      0.225],     3.976
 0.801,     0.816,    [     0.829,      0.237],     4.781
 0.810,     0.823,    [     0.841,      0.253],     5.366
 0.816,     0.833,    [     0.854,      0.268],     5.725
 0.817,     0.835,    [     0.866,      0.284],     5.947
 0.822,     0.835,    [     0.876,      0.298],     6.079
 0.818,     0.836,    [     0.885,      0.311],     6.216
 0.825,     0.845,    [     0.893,      0.318],     6.354
 0.824,     0.842,    [     0.899,      0.332],     6.398
 0.829,     0.848,    [     0.906,      0.332],     6.496
 0.830,     0.850,    [     0.911,      0.337],     6.595
 0.832,     0.852,    [     0.916,      0.334],     6.701

 pctg,    rr,    α,    β
 0.600,     0.836,    [     0.916,      0.334],     6.701


seed_val:    7
 0.343,     0.589,    [     0.733,      0.055],     1.845
 0.460,     0.674,    [     0.809,      0.088],     1.913
 0.562,     0.734,    [     0.847,      0.115],     2.205
 0.654,     0.797,    [     0.872,      0.121],     2.689
 0.716,     0.838,    [     0.889,      0.117],     3.327
 0.759,     0.851,    [     0.900,      0.101],     4.060
 0.777,     0.861,    [     0.908,      0.090],     4.714
 0.784,     0.858,    [     0.915,      0.078],     5.131
 0.791,     0.858,    [     0.922,      0.066],     5.406
 0.795,     0.864,    [     0.927,      0.050],     5.597
 0.798,     0.864,    [     0.932,      0.030],     5.759
 0.803,     0.863,    [     0.937,      0.008],     5.898
 0.805,     0.862,    [     0.941,     -0.012],     6.000
 0.809,     0.866,    [     0.944,     -0.033],     6.089
 0.808,     0.858,    [     0.947,     -0.056],     6.183

 pctg,    rr,    α,    β
 0.600,     0.821,    [     0.947,     -0.056],     6.183


seed_val:    8
 0.450,     0.607,    [     0.749,      0.079],     2.315
 0.582,     0.707,    [     0.819,      0.126],     2.446
 0.684,     0.767,    [     0.848,      0.163],     2.999
 0.746,     0.812,    [     0.866,      0.177],     3.768
 0.768,     0.839,    [     0.881,      0.184],     4.499
 0.780,     0.851,    [     0.896,      0.181],     5.048
 0.786,     0.859,    [     0.908,      0.183],     5.422
 0.790,     0.857,    [     0.918,      0.189],     5.649
 0.798,     0.871,    [     0.926,      0.183],     5.887
 0.804,     0.875,    [     0.933,      0.172],     6.057
 0.805,     0.876,    [     0.939,      0.159],     6.212
 0.805,     0.883,    [     0.945,      0.146],     6.306
 0.811,     0.879,    [     0.949,      0.136],     6.363
 0.812,     0.876,    [     0.953,      0.128],     6.440
 0.812,     0.886,    [     0.956,      0.113],     6.556

 pctg,    rr,    α,    β
 0.600,     0.807,    [     0.956,      0.113],     6.556


seed_val:    9
 0.287,     0.484,    [     0.816,      0.151],     1.817
 0.605,     0.693,    [     0.858,      0.160],     2.433
 0.704,     0.756,    [     0.881,      0.159],     3.455
 0.771,     0.776,    [     0.896,      0.163],     4.592
 0.803,     0.790,    [     0.907,      0.178],     5.519
 0.814,     0.798,    [     0.916,      0.192],     6.131
 0.819,     0.812,    [     0.924,      0.209],     6.511
 0.823,     0.808,    [     0.930,      0.224],     6.724
 0.828,     0.808,    [     0.936,      0.246],     6.849
 0.826,     0.818,    [     0.941,      0.260],     6.964
 0.831,     0.812,    [     0.945,      0.274],     7.126
 0.834,     0.819,    [     0.948,      0.290],     7.199
 0.834,     0.817,    [     0.951,      0.302],     7.345
 0.836,     0.823,    [     0.954,      0.315],     7.353
 0.839,     0.820,    [     0.957,      0.322],     7.466

 pctg,    rr,    α,    β
 0.600,     0.780,    [     0.957,      0.322],     7.466


seed_val:    10
 0.283,     0.466,    [     0.722,      0.044],     1.750
 0.420,     0.584,    [     0.807,      0.056],     1.784
 0.571,     0.700,    [     0.846,      0.070],     2.128
 0.700,     0.786,    [     0.867,      0.086],     2.775
 0.765,     0.831,    [     0.880,      0.092],     3.667
 0.784,     0.846,    [     0.890,      0.093],     4.524
 0.794,     0.854,    [     0.900,      0.097],     5.119
 0.794,     0.857,    [     0.909,      0.097],     5.500
 0.805,     0.858,    [     0.917,      0.100],     5.777
 0.808,     0.862,    [     0.924,      0.100],     5.980
 0.811,     0.864,    [     0.930,      0.099],     6.114
 0.817,     0.870,    [     0.935,      0.096],     6.267
 0.816,     0.872,    [     0.940,      0.089],     6.370
 0.821,     0.873,    [     0.944,      0.082],     6.489
 0.824,     0.874,    [     0.947,      0.075],     6.580

 pctg,    rr,    α,    β
 0.600,     0.827,    [     0.947,      0.075],     6.580

 trans: Anaheim,     0.820 ±  0.029
 α, β: [     0.946,      0.165] ± [     0.012,      0.131],  6.685 ±  0.367


seed_val:    1
 0.573,     0.620,    [     0.495,      0.365],     2.671
 0.644,     0.662,    [     0.563,      0.410],     2.696
 0.679,     0.703,    [     0.605,      0.434],     2.927
 0.696,     0.727,    [     0.640,      0.455],     3.160
 0.706,     0.738,    [     0.673,      0.476],     3.348
 0.711,     0.750,    [     0.702,      0.498],     3.478
 0.718,     0.755,    [     0.727,      0.517],     3.581
 0.722,     0.756,    [     0.748,      0.536],     3.660
 0.724,     0.761,    [     0.767,      0.553],     3.721
 0.728,     0.762,    [     0.784,      0.568],     3.771
 0.730,     0.761,    [     0.798,      0.582],     3.807
 0.732,     0.761,    [     0.810,      0.594],     3.851
 0.735,     0.758,    [     0.821,      0.605],     3.896
 0.738,     0.767,    [     0.831,      0.614],     3.935
 0.741,     0.763,    [     0.839,      0.621],     3.975

 pctg,    rr,    α,    β
 0.600,     0.701,    [     0.839,      0.621],     3.975


seed_val:    2
 0.586,     0.656,    [     0.451,      0.324],     2.772
 0.632,     0.705,    [     0.515,      0.359],     2.765
 0.651,     0.724,    [     0.562,      0.385],     2.891
 0.665,     0.735,    [     0.602,      0.406],     3.024
 0.675,     0.743,    [     0.636,      0.427],     3.149
 0.683,     0.747,    [     0.666,      0.447],     3.253
 0.692,     0.754,    [     0.691,      0.466],     3.364
 0.700,     0.762,    [     0.714,      0.482],     3.454
 0.708,     0.764,    [     0.733,      0.497],     3.549
 0.709,     0.770,    [     0.751,      0.513],     3.635
 0.718,     0.772,    [     0.766,      0.526],     3.711
 0.725,     0.774,    [     0.779,      0.537],     3.805
 0.730,     0.781,    [     0.790,      0.548],     3.876
 0.735,     0.786,    [     0.800,      0.556],     3.961
 0.739,     0.786,    [     0.809,      0.564],     4.035

 pctg,    rr,    α,    β
 0.600,     0.650,    [     0.809,      0.564],     4.035


seed_val:    3
 0.523,     0.601,    [     0.556,      0.435],     2.204
 0.608,     0.655,    [     0.618,      0.488],     2.379
 0.634,     0.671,    [     0.652,      0.512],     2.625
 0.651,     0.681,    [     0.678,      0.530],     2.815
 0.663,     0.687,    [     0.701,      0.546],     2.963
 0.673,     0.691,    [     0.721,      0.559],     3.079
 0.681,     0.693,    [     0.738,      0.571],     3.178
 0.691,     0.699,    [     0.753,      0.582],     3.279
 0.699,     0.698,    [     0.767,      0.591],     3.370
 0.708,     0.702,    [     0.779,      0.599],     3.477
 0.717,     0.706,    [     0.790,      0.607],     3.576
 0.721,     0.703,    [     0.799,      0.613],     3.664
 0.728,     0.707,    [     0.808,      0.617],     3.744
 0.732,     0.710,    [     0.816,      0.622],     3.821
 0.737,     0.709,    [     0.823,      0.627],     3.903

 pctg,    rr,    α,    β
 0.600,     0.763,    [     0.823,      0.627],     3.903


seed_val:    4
 0.236,     0.477,    [     0.719,      0.613],     1.062
 0.475,     0.590,    [     0.765,      0.669],     1.355
 0.604,     0.658,    [     0.777,      0.677],     1.800
 0.647,     0.684,    [     0.784,      0.676],     2.234
 0.669,     0.704,    [     0.792,      0.678],     2.575
 0.686,     0.713,    [     0.801,      0.680],     2.830
 0.697,     0.723,    [     0.811,      0.684],     3.009
 0.705,     0.728,    [     0.820,      0.688],     3.133
 0.711,     0.729,    [     0.828,      0.692],     3.233
 0.714,     0.729,    [     0.836,      0.696],     3.309
 0.720,     0.731,    [     0.843,      0.700],     3.372
 0.725,     0.732,    [     0.849,      0.704],     3.442
 0.730,     0.735,    [     0.855,      0.707],     3.504
 0.733,     0.738,    [     0.861,      0.709],     3.562
 0.737,     0.738,    [     0.866,      0.711],     3.613

 pctg,    rr,    α,    β
 0.600,     0.695,    [     0.866,      0.711],     3.613


seed_val:    5
 0.204,     0.456,    [     0.772,      0.689],     0.925
 0.423,     0.566,    [     0.815,      0.746],     1.300
 0.579,     0.658,    [     0.833,      0.768],     1.800
 0.622,     0.694,    [     0.839,      0.771],     2.313
 0.642,     0.712,    [     0.844,      0.771],     2.676
 0.657,     0.721,    [     0.849,      0.771],     2.917
 0.663,     0.734,    [     0.854,      0.771],     3.081
 0.677,     0.739,    [     0.858,      0.770],     3.202
 0.686,     0.745,    [     0.863,      0.770],     3.309
 0.694,     0.751,    [     0.867,      0.770],     3.413
 0.703,     0.757,    [     0.871,      0.769],     3.520
 0.714,     0.764,    [     0.874,      0.768],     3.634
 0.722,     0.772,    [     0.878,      0.768],     3.754
 0.729,     0.775,    [     0.881,      0.767],     3.880
 0.737,     0.774,    [     0.884,      0.767],     4.008

 pctg,    rr,    α,    β
 0.600,     0.699,    [     0.884,      0.767],     4.008


seed_val:    6
 0.436,     0.547,    [     0.467,      0.338],     2.090
 0.574,     0.646,    [     0.535,      0.386],     2.170
 0.608,     0.667,    [     0.573,      0.407],     2.407
 0.630,     0.685,    [     0.607,      0.426],     2.606
 0.646,     0.698,    [     0.637,      0.445],     2.775
 0.658,     0.707,    [     0.665,      0.464],     2.911
 0.669,     0.711,    [     0.689,      0.482],     3.036
 0.677,     0.718,    [     0.710,      0.498],     3.137
 0.688,     0.721,    [     0.729,      0.514],     3.230
 0.699,     0.725,    [     0.746,      0.528],     3.338
 0.705,     0.728,    [     0.760,      0.540],     3.447
 0.710,     0.729,    [     0.773,      0.551],     3.524
 0.715,     0.734,    [     0.785,      0.562],     3.594
 0.721,     0.736,    [     0.795,      0.572],     3.674
 0.722,     0.734,    [     0.805,      0.581],     3.719

 pctg,    rr,    α,    β
 0.600,     0.770,    [     0.805,      0.581],     3.719


seed_val:    7
 0.375,     0.484,    [     0.655,      0.578],     1.452
 0.546,     0.582,    [     0.714,      0.638],     1.746
 0.651,     0.655,    [     0.738,      0.659],     2.227
 0.685,     0.690,    [     0.753,      0.667],     2.745
 0.696,     0.704,    [     0.767,      0.675],     3.092
 0.703,     0.715,    [     0.781,      0.682],     3.321
 0.708,     0.723,    [     0.793,      0.689],     3.481
 0.717,     0.727,    [     0.804,      0.695],     3.601
 0.718,     0.736,    [     0.815,      0.701],     3.698
 0.724,     0.734,    [     0.823,      0.706],     3.783
 0.729,     0.743,    [     0.831,      0.709],     3.862
 0.735,     0.745,    [     0.839,      0.713],     3.941
 0.732,     0.750,    [     0.845,      0.717],     4.013
 0.738,     0.755,    [     0.851,      0.719],     4.092
 0.746,     0.755,    [     0.857,      0.721],     4.163

 pctg,    rr,    α,    β
 0.600,     0.709,    [     0.857,      0.721],     4.163


seed_val:    8
 0.383,     0.441,    [     0.671,      0.599],     1.963
 0.603,     0.591,    [     0.736,      0.669],     2.307
 0.683,     0.673,    [     0.751,      0.679],     2.984
 0.702,     0.703,    [     0.764,      0.685],     3.511
 0.712,     0.703,    [     0.778,      0.693],     3.841
 0.721,     0.715,    [     0.791,      0.701],     4.031
 0.729,     0.725,    [     0.802,      0.708],     4.181
 0.734,     0.731,    [     0.813,      0.714],     4.278
 0.740,     0.736,    [     0.822,      0.720],     4.404
 0.743,     0.736,    [     0.829,      0.724],     4.487
 0.748,     0.748,    [     0.836,      0.726],     4.569
 0.755,     0.753,    [     0.842,      0.729],     4.659
 0.758,     0.752,    [     0.848,      0.730],     4.732
 0.760,     0.752,    [     0.853,      0.731],     4.759
 0.762,     0.749,    [     0.857,      0.732],     4.815

 pctg,    rr,    α,    β
 0.600,     0.700,    [     0.857,      0.732],     4.815


seed_val:    9
 0.340,     0.469,    [     0.681,      0.590],     1.497
 0.480,     0.570,    [     0.759,      0.682],     1.666
 0.605,     0.668,    [     0.796,      0.725],     2.030
 0.680,     0.717,    [     0.811,      0.738],     2.544
 0.698,     0.724,    [     0.821,      0.744],     2.966
 0.707,     0.728,    [     0.830,      0.750],     3.230
 0.714,     0.735,    [     0.839,      0.755],     3.401
 0.722,     0.736,    [     0.846,      0.760],     3.519
 0.728,     0.739,    [     0.853,      0.764],     3.620
 0.735,     0.737,    [     0.860,      0.768],     3.706
 0.741,     0.744,    [     0.866,      0.772],     3.799
 0.746,     0.741,    [     0.871,      0.776],     3.881
 0.748,     0.741,    [     0.876,      0.780],     3.955
 0.751,     0.742,    [     0.881,      0.784],     4.010
 0.753,     0.739,    [     0.885,      0.786],     4.060

 pctg,    rr,    α,    β
 0.600,     0.681,    [     0.885,      0.786],     4.060


seed_val:    10
 0.494,     0.548,    [     0.606,      0.484],     2.121
 0.615,     0.636,    [     0.676,      0.554],     2.304
 0.677,     0.683,    [     0.706,      0.577],     2.724
 0.698,     0.703,    [     0.726,      0.589],     3.112
 0.705,     0.713,    [     0.745,      0.601],     3.364
 0.711,     0.718,    [     0.762,      0.613],     3.527
 0.716,     0.720,    [     0.778,      0.624],     3.623
 0.721,     0.723,    [     0.792,      0.634],     3.693
 0.725,     0.728,    [     0.804,      0.644],     3.768
 0.725,     0.730,    [     0.814,      0.652],     3.841
 0.732,     0.732,    [     0.824,      0.659],     3.899
 0.734,     0.733,    [     0.832,      0.665],     3.947
 0.737,     0.736,    [     0.840,      0.671],     3.999
 0.739,     0.736,    [     0.847,      0.676],     4.047
 0.742,     0.738,    [     0.853,      0.681],     4.088

 pctg,    rr,    α,    β
 0.600,     0.747,    [     0.853,      0.681],     4.088

 trans: ChicagoSketch,     0.711 ±  0.038
 α, β: [     0.848,      0.679] ± [     0.028,      0.077],  4.038 ±  0.321


seed_val:    1
 0.877,     0.889,    [    -0.784],     1.421
 0.889,     0.905,    [    -0.850],     1.851
 0.924,     0.934,    [    -0.889],     2.298
 0.918,     0.931,    [    -0.914],     2.732
 0.928,     0.942,    [    -0.930],     3.219
 0.930,     0.942,    [    -0.941],     3.792
 0.929,     0.936,    [    -0.949],     4.272
 0.933,     0.936,    [    -0.956],     4.595
 0.922,     0.928,    [    -0.961],     4.799
 0.929,     0.931,    [    -0.965],     4.999
 0.929,     0.934,    [    -0.968],     5.147
 0.935,     0.928,    [    -0.971],     5.241
 0.932,     0.926,    [    -0.973],     5.367
 0.932,     0.926,    [    -0.975],     5.465
 0.933,     0.934,    [    -0.977],     5.553

 pctg,    rr,    α,    β
 0.600,     0.929,    [    -0.977],     5.553


seed_val:    2
 0.903,     0.934,    [    -0.764],     2.964
 0.924,     0.960,    [    -0.866],     3.093
 0.921,     0.939,    [    -0.908],     3.483
 0.936,     0.936,    [    -0.930],     3.913
 0.941,     0.931,    [    -0.944],     4.337
 0.950,     0.944,    [    -0.953],     4.754
 0.949,     0.928,    [    -0.960],     5.068
 0.949,     0.944,    [    -0.965],     5.380
 0.951,     0.942,    [    -0.969],     5.614
 0.949,     0.942,    [    -0.972],     5.794
 0.944,     0.934,    [    -0.974],     5.904
 0.951,     0.947,    [    -0.976],     6.086
 0.956,     0.944,    [    -0.978],     6.204
 0.944,     0.934,    [    -0.979],     6.324
 0.956,     0.939,    [    -0.980],     6.418

 pctg,    rr,    α,    β
 0.600,     0.915,    [    -0.980],     6.418


seed_val:    3
 0.668,     0.714,    [    -0.642],     1.228
 0.842,     0.833,    [    -0.792],     1.383
 0.947,     0.910,    [    -0.866],     1.664
 0.973,     0.936,    [    -0.908],     1.991
 0.970,     0.955,    [    -0.932],     2.312
 0.969,     0.968,    [    -0.948],     2.605
 0.972,     0.971,    [    -0.958],     2.879
 0.970,     0.958,    [    -0.965],     3.131
 0.970,     0.963,    [    -0.970],     3.375
 0.970,     0.960,    [    -0.974],     3.592
 0.964,     0.955,    [    -0.977],     3.834
 0.963,     0.950,    [    -0.979],     4.071
 0.959,     0.944,    [    -0.981],     4.286
 0.953,     0.942,    [    -0.982],     4.475
 0.950,     0.915,    [    -0.983],     4.633

 pctg,    rr,    α,    β
 0.600,     0.939,    [    -0.983],     4.633


seed_val:    4
 0.873,     0.936,    [    -0.725],     2.332
 0.927,     0.944,    [    -0.842],     2.636
 0.921,     0.926,    [    -0.893],     3.233
 0.923,     0.928,    [    -0.922],     3.805
 0.931,     0.923,    [    -0.941],     4.279
 0.936,     0.920,    [    -0.952],     4.655
 0.936,     0.923,    [    -0.961],     4.946
 0.929,     0.923,    [    -0.966],     5.144
 0.944,     0.926,    [    -0.971],     5.315
 0.945,     0.926,    [    -0.974],     5.459
 0.946,     0.931,    [    -0.976],     5.593
 0.946,     0.920,    [    -0.978],     5.714
 0.953,     0.923,    [    -0.980],     5.788
 0.951,     0.928,    [    -0.982],     5.893
 0.952,     0.918,    [    -0.983],     5.875

 pctg,    rr,    α,    β
 0.600,     0.934,    [    -0.983],     5.875


seed_val:    5
 0.944,     0.963,    [    -0.785],     2.592
 0.929,     0.952,    [    -0.871],     2.689
 0.931,     0.950,    [    -0.908],     3.066
 0.932,     0.950,    [    -0.929],     3.481
 0.924,     0.947,    [    -0.942],     3.863
 0.929,     0.947,    [    -0.951],     4.201
 0.929,     0.950,    [    -0.958],     4.457
 0.929,     0.947,    [    -0.963],     4.674
 0.930,     0.947,    [    -0.967],     4.853
 0.935,     0.942,    [    -0.970],     4.957
 0.945,     0.939,    [    -0.973],     5.006
 0.944,     0.936,    [    -0.975],     5.115
 0.936,     0.942,    [    -0.976],     5.234
 0.938,     0.950,    [    -0.978],     5.285
 0.934,     0.939,    [    -0.979],     5.362

 pctg,    rr,    α,    β
 0.600,     0.944,    [    -0.979],     5.362


seed_val:    6
 0.842,     0.851,    [    -0.698],     1.461
 0.862,     0.886,    [    -0.807],     1.614
 0.914,     0.926,    [    -0.859],     1.998
 0.925,     0.931,    [    -0.890],     2.551
 0.938,     0.910,    [    -0.908],     3.234
 0.942,     0.920,    [    -0.920],     3.792
 0.942,     0.920,    [    -0.930],     4.165
 0.942,     0.910,    [    -0.938],     4.378
 0.948,     0.907,    [    -0.944],     4.551
 0.945,     0.920,    [    -0.948],     4.607
 0.944,     0.920,    [    -0.952],     4.666
 0.946,     0.920,    [    -0.955],     4.692
 0.946,     0.923,    [    -0.957],     4.729
 0.947,     0.918,    [    -0.959],     4.787
 0.947,     0.918,    [    -0.961],     4.806

 pctg,    rr,    α,    β
 0.600,     0.899,    [    -0.961],     4.806


seed_val:    7
 0.891,     0.910,    [    -0.771],     2.524
 0.924,     0.902,    [    -0.864],     2.620
 0.946,     0.915,    [    -0.901],     2.988
 0.944,     0.905,    [    -0.920],     3.480
 0.942,     0.902,    [    -0.933],     3.900
 0.943,     0.899,    [    -0.942],     4.158
 0.942,     0.902,    [    -0.948],     4.419
 0.946,     0.902,    [    -0.953],     4.555
 0.944,     0.912,    [    -0.957],     4.730
 0.944,     0.915,    [    -0.961],     4.882
 0.943,     0.905,    [    -0.964],     4.971
 0.951,     0.902,    [    -0.966],     5.040
 0.944,     0.915,    [    -0.968],     5.141
 0.951,     0.912,    [    -0.970],     5.221
 0.951,     0.915,    [    -0.972],     5.306

 pctg,    rr,    α,    β
 0.600,     0.939,    [    -0.972],     5.306


seed_val:    8
 0.929,     0.958,    [    -0.770],     2.631
 0.941,     0.966,    [    -0.862],     2.808
 0.943,     0.934,    [    -0.900],     3.273
 0.926,     0.910,    [    -0.919],     3.637
 0.936,     0.918,    [    -0.932],     3.935
 0.936,     0.915,    [    -0.941],     4.155
 0.938,     0.915,    [    -0.948],     4.418
 0.939,     0.915,    [    -0.953],     4.615
 0.935,     0.923,    [    -0.957],     4.770
 0.936,     0.915,    [    -0.961],     4.884
 0.941,     0.912,    [    -0.964],     5.010
 0.937,     0.928,    [    -0.966],     5.093
 0.936,     0.920,    [    -0.968],     5.155
 0.937,     0.915,    [    -0.970],     5.207
 0.944,     0.920,    [    -0.971],     5.306

 pctg,    rr,    α,    β
 0.600,     0.926,    [    -0.971],     5.306


seed_val:    9
 0.930,     0.960,    [    -0.778],     2.956
 0.948,     0.966,    [    -0.874],     3.190
 0.931,     0.952,    [    -0.913],     3.728
 0.932,     0.952,    [    -0.935],     4.269
 0.930,     0.952,    [    -0.949],     4.731
 0.931,     0.955,    [    -0.958],     5.106
 0.930,     0.947,    [    -0.965],     5.380
 0.929,     0.947,    [    -0.970],     5.586
 0.929,     0.947,    [    -0.973],     5.739
 0.932,     0.947,    [    -0.976],     5.821
 0.927,     0.936,    [    -0.979],     5.915
 0.933,     0.947,    [    -0.980],     6.018
 0.936,     0.952,    [    -0.982],     6.068
 0.939,     0.958,    [    -0.983],     6.144
 0.934,     0.944,    [    -0.984],     6.221

 pctg,    rr,    α,    β
 0.600,     0.937,    [    -0.984],     6.221


seed_val:    10
 0.721,     0.809,    [    -0.289],     1.451
 0.865,     0.891,    [    -0.552],     1.427
 0.911,     0.934,    [    -0.730],     1.611
 0.918,     0.944,    [    -0.834],     1.891
 0.935,     0.947,    [    -0.891],     2.233
 0.941,     0.947,    [    -0.924],     2.556
 0.936,     0.928,    [    -0.943],     2.877
 0.938,     0.931,    [    -0.954],     3.269
 0.936,     0.923,    [    -0.961],     3.826
 0.935,     0.928,    [    -0.967],     4.337
 0.936,     0.928,    [    -0.970],     4.700
 0.936,     0.931,    [    -0.973],     4.912
 0.934,     0.931,    [    -0.976],     5.072
 0.936,     0.931,    [    -0.978],     5.166
 0.937,     0.923,    [    -0.979],     5.257

 pctg,    rr,    α,    β
 0.600,     0.918,    [    -0.979],     5.257

 trans: sexual_1,     0.928 ±  0.014
 α, β: [    -0.977] ± [     0.007],  5.474 ±  0.566


seed_val:    1
 0.427,     0.325,    [     0.995],     1.630
 0.587,     0.549,    [     0.999],     2.357
 0.647,     0.627,    [     1.000],     2.812
 0.679,     0.661,    [     1.000],     3.135
 0.698,     0.679,    [     1.000],     3.135
 0.711,     0.689,    [     1.000],     3.431
 0.722,     0.695,    [     1.000],     3.620
 0.730,     0.698,    [     0.999],     3.732
 0.736,     0.699,    [     1.000],     3.806
 0.737,     0.696,    [     1.000],     3.791
 0.746,     0.701,    [     1.000],     3.913
 0.749,     0.699,    [     1.000],     3.913
 0.751,     0.697,    [     1.000],     4.026
 0.754,     0.700,    [     1.000],     4.026
 0.757,     0.698,    [     0.999],     4.126

 pctg,    rr,    α,    β
 0.600,     0.757,    [     0.999],     4.126


seed_val:    2
 0.417,     0.310,    [     0.999],     1.687
 0.663,     0.601,    [     0.999],     2.870
 0.706,     0.659,    [     1.000],     3.455
 0.717,     0.674,    [     1.000],     3.565
 0.724,     0.683,    [     1.000],     3.565
 0.730,     0.689,    [     1.000],     3.762
 0.736,     0.694,    [     0.999],     3.878
 0.742,     0.702,    [     1.000],     3.866
 0.746,     0.705,    [     1.000],     3.981
 0.750,     0.708,    [     1.000],     4.033
 0.754,     0.707,    [     1.000],     4.119
 0.758,     0.710,    [     1.000],     4.143
 0.760,     0.710,    [     1.000],     4.145
 0.762,     0.706,    [     1.000],     4.145
 0.765,     0.709,    [     1.000],     4.145

 pctg,    rr,    α,    β
 0.600,     0.756,    [     1.000],     4.145


seed_val:    3
 0.606,     0.561,    [     0.986],     2.686
 0.647,     0.613,    [     0.988],     3.005
 0.673,     0.644,    [     0.999],     3.255
 0.706,     0.685,    [     0.999],     3.631
 0.724,     0.705,    [     0.999],     3.796
 0.736,     0.716,    [     0.998],     4.010
 0.743,     0.721,    [     0.999],     4.118
 0.750,     0.727,    [     0.999],     4.281
 0.754,     0.730,    [     0.999],     4.378
 0.757,     0.728,    [     0.999],     4.400
 0.760,     0.726,    [     0.999],     4.400
 0.761,     0.724,    [     0.999],     4.400
 0.762,     0.722,    [     0.999],     4.371
 0.766,     0.723,    [     0.999],     4.547
 0.767,     0.723,    [     0.999],     4.547

 pctg,    rr,    α,    β
 0.600,     0.761,    [     0.999],     4.547


seed_val:    4
 0.476,     0.438,    [     0.999],     1.805
 0.676,     0.685,    [     0.999],     3.036
 0.707,     0.717,    [     0.999],     3.335
 0.720,     0.730,    [     1.000],     3.536
 0.729,     0.734,    [     0.999],     3.663
 0.738,     0.741,    [     0.999],     3.775
 0.744,     0.746,    [     0.999],     3.775
 0.750,     0.746,    [     1.000],     4.014
 0.755,     0.751,    [     0.999],     4.048
 0.758,     0.748,    [     0.999],     4.048
 0.761,     0.747,    [     0.999],     4.048
 0.765,     0.750,    [     0.999],     4.225
 0.768,     0.747,    [     0.999],     4.225
 0.770,     0.742,    [     0.999],     4.257
 0.774,     0.742,    [     0.999],     4.367

 pctg,    rr,    α,    β
 0.600,     0.682,    [     0.999],     4.367


seed_val:    5
 0.601,     0.512,    [     0.988],     2.569
 0.655,     0.562,    [     0.990],     2.982
 0.678,     0.583,    [     0.992],     3.166
 0.695,     0.594,    [     0.997],     3.398
 0.715,     0.614,    [     0.996],     3.596
 0.728,     0.621,    [     0.998],     3.754
 0.740,     0.629,    [     0.999],     3.938
 0.749,     0.635,    [     0.999],     4.053
 0.755,     0.638,    [     0.999],     4.199
 0.761,     0.641,    [     0.999],     4.199
 0.765,     0.646,    [     0.999],     4.336
 0.767,     0.644,    [     0.999],     4.409
 0.773,     0.647,    [     0.999],     4.409
 0.775,     0.644,    [     0.999],     4.523
 0.779,     0.649,    [     0.999],     4.523

 pctg,    rr,    α,    β
 0.600,     0.739,    [     0.999],     4.523


seed_val:    6
 0.332,     0.159,    [     0.996],     1.515
 0.512,     0.395,    [     0.998],     2.097
 0.659,     0.599,    [     1.000],     3.078
 0.697,     0.642,    [     0.999],     3.429
 0.707,     0.655,    [     0.999],     3.521
 0.715,     0.670,    [     1.000],     3.643
 0.720,     0.670,    [     0.999],     3.696
 0.726,     0.675,    [     0.999],     3.843
 0.733,     0.687,    [     0.999],     3.918
 0.739,     0.689,    [     0.999],     3.918
 0.740,     0.689,    [     0.999],     4.006
 0.747,     0.695,    [     0.999],     4.154
 0.752,     0.698,    [     0.999],     4.111
 0.755,     0.703,    [     1.000],     4.280
 0.759,     0.707,    [     1.000],     4.280

 pctg,    rr,    α,    β
 0.600,     0.729,    [     1.000],     4.280


seed_val:    7
 0.481,     0.438,    [     0.997],     1.950
 0.635,     0.653,    [     0.999],     2.836
 0.672,     0.700,    [     0.999],     3.170
 0.688,     0.713,    [     0.999],     3.386
 0.701,     0.718,    [     0.999],     3.470
 0.711,     0.725,    [     0.999],     3.470
 0.718,     0.723,    [     0.999],     3.710
 0.725,     0.729,    [     1.000],     3.866
 0.730,     0.734,    [     1.000],     3.901
 0.735,     0.730,    [     1.000],     3.901
 0.738,     0.732,    [     0.999],     4.103
 0.741,     0.733,    [     0.999],     4.005
 0.742,     0.734,    [     0.999],     4.038
 0.745,     0.731,    [     0.999],     4.061
 0.747,     0.729,    [     0.999],     4.061

 pctg,    rr,    α,    β
 0.600,     0.766,    [     0.999],     4.061


seed_val:    8
 0.583,     0.466,    [     0.994],     2.469
 0.682,     0.610,    [     0.998],     3.244
 0.707,     0.643,    [     0.999],     3.486
 0.720,     0.662,    [     1.000],     3.669
 0.727,     0.668,    [     1.000],     3.669
 0.734,     0.676,    [     0.999],     3.813
 0.739,     0.681,    [     0.999],     3.813
 0.744,     0.683,    [     0.999],     3.978
 0.749,     0.687,    [     0.999],     3.978
 0.752,     0.690,    [     0.999],     4.073
 0.754,     0.689,    [     0.999],     4.136
 0.757,     0.695,    [     0.999],     4.263
 0.759,     0.694,    [     0.999],     4.303
 0.759,     0.687,    [     0.999],     4.303
 0.762,     0.692,    [     0.998],     4.253

 pctg,    rr,    α,    β
 0.600,     0.732,    [     0.998],     4.253


seed_val:    9
 0.614,     0.584,    [     0.982],     2.630
 0.666,     0.643,    [     0.995],     3.040
 0.706,     0.680,    [     0.997],     3.488
 0.728,     0.700,    [     0.999],     3.764
 0.735,     0.707,    [     0.999],     3.813
 0.737,     0.707,    [     0.999],     3.814
 0.743,     0.714,    [     0.999],     3.814
 0.748,     0.718,    [     0.999],     4.008
 0.752,     0.720,    [     0.999],     4.057
 0.755,     0.722,    [     0.999],     4.172
 0.757,     0.724,    [     0.999],     4.161
 0.759,     0.723,    [     0.999],     4.159
 0.764,     0.726,    [     0.998],     4.261
 0.762,     0.723,    [     0.998],     4.286
 0.765,     0.727,    [     0.999],     4.371

 pctg,    rr,    α,    β
 0.600,     0.719,    [     0.999],     4.371


seed_val:    10
 0.427,     0.389,    [     0.998],     1.733
 0.587,     0.580,    [     0.999],     2.481
 0.643,     0.638,    [     0.999],     2.872
 0.678,     0.671,    [     1.000],     3.234
 0.700,     0.693,    [     0.999],     3.429
 0.711,     0.701,    [     1.000],     3.593
 0.720,     0.710,    [     1.000],     3.593
 0.725,     0.716,    [     0.999],     3.713
 0.733,     0.724,    [     0.999],     3.713
 0.737,     0.726,    [     0.999],     3.928
 0.742,     0.733,    [     1.000],     4.005
 0.745,     0.733,    [     0.999],     4.095
 0.747,     0.735,    [     1.000],     4.021
 0.750,     0.737,    [     1.000],     4.132
 0.751,     0.737,    [     1.000],     4.110

 pctg,    rr,    α,    β
 0.600,     0.705,    [     1.000],     4.110

 trans: twitch_PTBR_true_8,     0.735 ±  0.027
 α, β: [     0.999] ± [     0.001],  4.278 ±  0.172
