

seed_val:    1
 0.428,     0.329,    [     0.000],    20.086
 0.598,     0.555,    [     0.000],    20.086
 0.606,     0.550,    [     0.000],    20.086
 0.617,     0.553,    [     0.000],    20.086
 0.633,     0.571,    [     0.000],    20.086
 0.625,     0.555,    [     0.000],    20.086
 0.630,     0.562,    [     0.000],    20.086
 0.639,     0.555,    [     0.000],    20.086
 0.638,     0.554,    [     0.000],    20.086
 0.629,     0.532,    [     0.000],    20.086
 0.647,     0.553,    [     0.000],    20.086
 0.650,     0.550,    [     0.000],    20.086
 0.642,     0.540,    [     0.000],    20.086
 0.652,     0.554,    [     0.000],    20.086
 0.640,     0.525,    [     0.000],    20.086

 pctg,    rr,    α,    β
 0.600,     0.613,    [     0.000],    20.086


seed_val:    2
 0.357,     0.271,    [     0.000],    20.086
 0.593,     0.528,    [     0.000],    20.086
 0.628,     0.552,    [     0.000],    20.086
 0.643,     0.571,    [     0.000],    20.086
 0.644,     0.567,    [     0.000],    20.086
 0.655,     0.578,    [     0.000],    20.086
 0.647,     0.569,    [     0.000],    20.086
 0.659,     0.574,    [     0.000],    20.086
 0.653,     0.564,    [     0.000],    20.086
 0.661,     0.565,    [     0.000],    20.086
 0.666,     0.572,    [     0.000],    20.086
 0.675,     0.582,    [     0.000],    20.086
 0.663,     0.567,    [     0.000],    20.086
 0.677,     0.578,    [     0.000],    20.086
 0.669,     0.560,    [     0.000],    20.086

 pctg,    rr,    α,    β
 0.600,     0.638,    [     0.000],    20.086


seed_val:    3
 0.458,     0.373,    [     0.000],    20.086
 0.576,     0.548,    [     0.000],    20.086
 0.609,     0.571,    [     0.000],    20.086
 0.614,     0.564,    [     0.000],    20.086
 0.635,     0.585,    [     0.000],    20.086
 0.640,     0.580,    [     0.000],    20.086
 0.637,     0.572,    [     0.000],    20.086
 0.645,     0.577,    [     0.000],    20.086
 0.645,     0.578,    [     0.000],    20.086
 0.638,     0.552,    [     0.000],    20.086
 0.654,     0.572,    [     0.000],    20.086
 0.651,     0.571,    [     0.000],    20.086
 0.644,     0.558,    [     0.000],    20.086
 0.656,     0.566,    [     0.000],    20.086
 0.661,     0.576,    [     0.000],    20.086

 pctg,    rr,    α,    β
 0.600,     0.629,    [     0.000],    20.086


seed_val:    4
 0.479,     0.434,    [     0.000],    20.086
 0.595,     0.598,    [     0.000],    20.086
 0.615,     0.618,    [     0.000],    20.086
 0.621,     0.621,    [     0.000],    20.086
 0.632,     0.629,    [     0.000],    20.086
 0.633,     0.624,    [     0.000],    20.086
 0.644,     0.634,    [     0.000],    20.086
 0.648,     0.639,    [     0.000],    20.086
 0.644,     0.632,    [     0.000],    20.086
 0.637,     0.622,    [     0.000],    20.086
 0.651,     0.638,    [     0.000],    20.086
 0.653,     0.635,    [     0.000],    20.086
 0.654,     0.634,    [     0.000],    20.086
 0.661,     0.642,    [     0.000],    20.086
 0.644,     0.615,    [     0.000],    20.086

 pctg,    rr,    α,    β
 0.600,     0.541,    [     0.000],    20.086


seed_val:    5
 0.460,     0.271,    [     0.000],    20.086
 0.618,     0.494,    [     0.000],    20.086
 0.638,     0.510,    [     0.000],    20.086
 0.649,     0.534,    [     0.000],    20.086
 0.643,     0.525,    [     0.000],    20.086
 0.656,     0.540,    [     0.000],    20.086
 0.652,     0.543,    [     0.000],    20.086
 0.656,     0.547,    [     0.000],    20.086
 0.665,     0.556,    [     0.000],    20.086
 0.660,     0.543,    [     0.000],    20.086
 0.673,     0.567,    [     0.000],    20.086
 0.669,     0.549,    [     0.000],    20.086
 0.678,     0.561,    [     0.000],    20.086
 0.674,     0.547,    [     0.000],    20.086
 0.681,     0.568,    [     0.000],    20.086

 pctg,    rr,    α,    β
 0.600,     0.602,    [     0.000],    20.086


seed_val:    6
 0.373,     0.194,    [     0.000],    20.086
 0.541,     0.455,    [     0.000],    20.086
 0.620,     0.554,    [     0.000],    20.086
 0.643,     0.577,    [     0.000],    20.086
 0.638,     0.562,    [     0.000],    20.086
 0.650,     0.583,    [     0.000],    20.086
 0.643,     0.573,    [     0.000],    20.086
 0.640,     0.551,    [     0.000],    20.086
 0.650,     0.567,    [     0.000],    20.086
 0.649,     0.560,    [     0.000],    20.086
 0.656,     0.569,    [     0.000],    20.086
 0.646,     0.548,    [     0.000],    20.086
 0.668,     0.580,    [     0.000],    20.086
 0.665,     0.570,    [     0.000],    20.086
 0.661,     0.559,    [     0.000],    20.086

 pctg,    rr,    α,    β
 0.600,     0.596,    [     0.000],    20.086


seed_val:    7
 0.483,     0.413,    [     0.000],    20.086
 0.611,     0.580,    [     0.000],    20.086
 0.622,     0.588,    [     0.000],    20.086
 0.631,     0.593,    [     0.000],    20.086
 0.632,     0.585,    [     0.000],    20.086
 0.641,     0.596,    [     0.000],    20.086
 0.643,     0.591,    [     0.000],    20.086
 0.643,     0.593,    [     0.000],    20.086
 0.650,     0.604,    [     0.000],    20.086
 0.651,     0.593,    [     0.000],    20.086
 0.652,     0.593,    [     0.000],    20.086
 0.656,     0.595,    [     0.000],    20.086
 0.662,     0.605,    [     0.000],    20.086
 0.650,     0.580,    [     0.000],    20.086
 0.661,     0.594,    [     0.000],    20.086

 pctg,    rr,    α,    β
 0.600,     0.644,    [     0.000],    20.086


seed_val:    8
 0.535,     0.395,    [     0.000],    20.086
 0.601,     0.491,    [     0.000],    20.086
 0.623,     0.511,    [     0.000],    20.086
 0.635,     0.524,    [     0.000],    20.086
 0.649,     0.539,    [     0.000],    20.086
 0.653,     0.536,    [     0.000],    20.086
 0.650,     0.528,    [     0.000],    20.086
 0.664,     0.545,    [     0.000],    20.086
 0.663,     0.540,    [     0.000],    20.086
 0.666,     0.542,    [     0.000],    20.086
 0.673,     0.548,    [     0.000],    20.086
 0.676,     0.544,    [     0.000],    20.086
 0.669,     0.533,    [     0.000],    20.086
 0.666,     0.521,    [     0.000],    20.086
 0.677,     0.536,    [     0.000],    20.086

 pctg,    rr,    α,    β
 0.600,     0.618,    [     0.000],    20.086


seed_val:    9
 0.402,     0.295,    [     0.000],    20.086
 0.603,     0.546,    [     0.000],    20.086
 0.633,     0.572,    [     0.000],    20.086
 0.639,     0.579,    [     0.000],    20.086
 0.640,     0.577,    [     0.000],    20.086
 0.641,     0.574,    [     0.000],    20.086
 0.644,     0.578,    [     0.000],    20.086
 0.653,     0.585,    [     0.000],    20.086
 0.658,     0.587,    [     0.000],    20.086
 0.656,     0.588,    [     0.000],    20.086
 0.656,     0.584,    [     0.000],    20.086
 0.646,     0.565,    [     0.000],    20.086
 0.659,     0.582,    [     0.000],    20.086
 0.667,     0.593,    [     0.000],    20.086
 0.663,     0.577,    [     0.000],    20.086

 pctg,    rr,    α,    β
 0.600,     0.580,    [     0.000],    20.086


seed_val:    10
 0.527,     0.477,    [     0.000],    20.086
 0.603,     0.591,    [     0.000],    20.086
 0.632,     0.619,    [     0.000],    20.086
 0.631,     0.615,    [     0.000],    20.086
 0.635,     0.613,    [     0.000],    20.086
 0.622,     0.592,    [     0.000],    20.086
 0.654,     0.629,    [     0.000],    20.086
 0.658,     0.632,    [     0.000],    20.086
 0.655,     0.630,    [     0.000],    20.086
 0.660,     0.629,    [     0.000],    20.086
 0.671,     0.645,    [     0.000],    20.086
 0.657,     0.618,    [     0.000],    20.086
 0.661,     0.626,    [     0.000],    20.086
 0.664,     0.628,    [     0.000],    20.086
 0.656,     0.614,    [     0.000],    20.086

 pctg,    rr,    α,    β
 0.600,     0.552,    [     0.000],    20.086

 trans: twitch_PTBR_true_8,     0.601 ±  0.035
 α, β: [     0.000] ± [     0.000], 20.086 ±  0.000
