

seed_val:    1
(T=1.0) Metropolis ended with magnetization 0.026938775510204082 after 1000000 iterations
 0.601,     0.563,    [     0.000],    20.086
 0.608,     0.547,    [     0.000],    20.086
 0.596,     0.571,    [     0.000],    20.086
 0.608,     0.580,    [     0.000],    20.086
 0.615,     0.576,    [     0.000],    20.086
 0.642,     0.596,    [     0.000],    20.086
 0.663,     0.584,    [     0.000],    20.086
 0.650,     0.596,    [     0.000],    20.086
 0.634,     0.608,    [     0.000],    20.086
 0.665,     0.624,    [     0.000],    20.086
 0.653,     0.604,    [     0.000],    20.086
 0.667,     0.629,    [     0.000],    20.086
 0.675,     0.641,    [     0.000],    20.086
 0.688,     0.649,    [     0.000],    20.086
 0.686,     0.669,    [     0.000],    20.086

 pctg,    rr,    α,    β
 0.600,     0.657,    [     0.000],    20.086


seed_val:    2
(T=1.0) Metropolis ended with magnetization 0.2163265306122449 after 1000000 iterations
 0.612,     0.649,    [     0.000],    20.086
 0.642,     0.673,    [     0.000],    20.086
 0.649,     0.678,    [     0.000],    20.086
 0.649,     0.673,    [     0.000],    20.086
 0.639,     0.665,    [     0.000],    20.086
 0.634,     0.669,    [     0.000],    20.086
 0.639,     0.673,    [     0.000],    20.086
 0.645,     0.678,    [     0.000],    20.086
 0.645,     0.661,    [     0.000],    20.086
 0.648,     0.682,    [     0.000],    20.086
 0.652,     0.690,    [     0.000],    20.086
 0.657,     0.669,    [     0.000],    20.086
 0.661,     0.673,    [     0.000],    20.086
 0.668,     0.678,    [     0.000],    20.086
 0.668,     0.673,    [     0.000],    20.086

 pctg,    rr,    α,    β
 0.600,     0.690,    [     0.000],    20.086


seed_val:    3
(T=1.0) Metropolis ended with magnetization 0.1346938775510204 after 1000000 iterations
 0.626,     0.661,    [     0.000],    20.086
 0.682,     0.682,    [     0.000],    20.086
 0.687,     0.669,    [     0.000],    20.086
 0.698,     0.686,    [     0.000],    20.086
 0.705,     0.678,    [     0.000],    20.086
 0.682,     0.698,    [     0.000],    20.086
 0.698,     0.686,    [     0.000],    20.086
 0.695,     0.694,    [     0.000],    20.086
 0.710,     0.694,    [     0.000],    20.086
 0.709,     0.702,    [     0.000],    20.086
 0.693,     0.694,    [     0.000],    20.086
 0.703,     0.714,    [     0.000],    20.086
 0.693,     0.710,    [     0.000],    20.086
 0.693,     0.706,    [     0.000],    20.086
 0.707,     0.698,    [     0.000],    20.086

 pctg,    rr,    α,    β
 0.600,     0.653,    [     0.000],    20.086


seed_val:    4
(T=1.0) Metropolis ended with magnetization 0.025306122448979593 after 1000000 iterations
 0.622,     0.629,    [     0.000],    20.086
 0.660,     0.649,    [     0.000],    20.086
 0.668,     0.657,    [     0.000],    20.086
 0.671,     0.665,    [     0.000],    20.086
 0.688,     0.669,    [     0.000],    20.086
 0.684,     0.665,    [     0.000],    20.086
 0.693,     0.665,    [     0.000],    20.086
 0.686,     0.657,    [     0.000],    20.086
 0.687,     0.653,    [     0.000],    20.086
 0.688,     0.661,    [     0.000],    20.086
 0.690,     0.665,    [     0.000],    20.086
 0.714,     0.673,    [     0.000],    20.086
 0.703,     0.669,    [     0.000],    20.086
 0.725,     0.678,    [     0.000],    20.086
 0.727,     0.673,    [     0.000],    20.086

 pctg,    rr,    α,    β
 0.600,     0.669,    [     0.000],    20.086


seed_val:    5
(T=1.0) Metropolis ended with magnetization 0.07755102040816327 after 1000000 iterations
 0.672,     0.629,    [     0.000],    20.086
 0.693,     0.641,    [     0.000],    20.086
 0.710,     0.669,    [     0.000],    20.086
 0.703,     0.665,    [     0.000],    20.086
 0.714,     0.665,    [     0.000],    20.086
 0.697,     0.653,    [     0.000],    20.086
 0.721,     0.669,    [     0.000],    20.086
 0.720,     0.669,    [     0.000],    20.086
 0.720,     0.665,    [     0.000],    20.086
 0.720,     0.678,    [     0.000],    20.086
 0.724,     0.669,    [     0.000],    20.086
 0.728,     0.690,    [     0.000],    20.086
 0.722,     0.673,    [     0.000],    20.086
 0.739,     0.690,    [     0.000],    20.086
 0.748,     0.718,    [     0.000],    20.086

 pctg,    rr,    α,    β
 0.600,     0.735,    [     0.000],    20.086


seed_val:    6
(T=1.0) Metropolis ended with magnetization 0.005714285714285714 after 1000000 iterations
 0.586,     0.571,    [     0.000],    20.086
 0.596,     0.608,    [     0.000],    20.086
 0.611,     0.604,    [     0.000],    20.086
 0.612,     0.592,    [     0.000],    20.086
 0.627,     0.604,    [     0.000],    20.086
 0.634,     0.588,    [     0.000],    20.086
 0.634,     0.612,    [     0.000],    20.086
 0.639,     0.629,    [     0.000],    20.086
 0.634,     0.616,    [     0.000],    20.086
 0.642,     0.616,    [     0.000],    20.086
 0.639,     0.616,    [     0.000],    20.086
 0.646,     0.624,    [     0.000],    20.086
 0.654,     0.624,    [     0.000],    20.086
 0.649,     0.612,    [     0.000],    20.086
 0.644,     0.608,    [     0.000],    20.086

 pctg,    rr,    α,    β
 0.600,     0.633,    [     0.000],    20.086


seed_val:    7
(T=1.0) Metropolis ended with magnetization 0.017142857142857144 after 1000000 iterations
 0.646,     0.686,    [     0.000],    20.086
 0.646,     0.702,    [     0.000],    20.086
 0.660,     0.702,    [     0.000],    20.086
 0.656,     0.661,    [     0.000],    20.086
 0.650,     0.653,    [     0.000],    20.086
 0.653,     0.665,    [     0.000],    20.086
 0.663,     0.682,    [     0.000],    20.086
 0.657,     0.665,    [     0.000],    20.086
 0.656,     0.661,    [     0.000],    20.086
 0.657,     0.665,    [     0.000],    20.086
 0.653,     0.678,    [     0.000],    20.086
 0.652,     0.669,    [     0.000],    20.086
 0.667,     0.678,    [     0.000],    20.086
 0.672,     0.669,    [     0.000],    20.086
 0.650,     0.669,    [     0.000],    20.086

 pctg,    rr,    α,    β
 0.600,     0.653,    [     0.000],    20.086


seed_val:    8
(T=1.0) Metropolis ended with magnetization 0.03183673469387755 after 1000000 iterations
 0.586,     0.600,    [     0.000],    20.086
 0.586,     0.584,    [     0.000],    20.086
 0.608,     0.596,    [     0.000],    20.086
 0.652,     0.624,    [     0.000],    20.086
 0.644,     0.641,    [     0.000],    20.086
 0.669,     0.620,    [     0.000],    20.086
 0.660,     0.616,    [     0.000],    20.086
 0.653,     0.604,    [     0.000],    20.086
 0.642,     0.624,    [     0.000],    20.086
 0.682,     0.629,    [     0.000],    20.086
 0.683,     0.649,    [     0.000],    20.086
 0.686,     0.657,    [     0.000],    20.086
 0.690,     0.645,    [     0.000],    20.086
 0.684,     0.665,    [     0.000],    20.086
 0.688,     0.657,    [     0.000],    20.086

 pctg,    rr,    α,    β
 0.600,     0.706,    [     0.000],    20.086


seed_val:    9
(T=1.0) Metropolis ended with magnetization 0.09224489795918367 after 1000000 iterations
 0.707,     0.661,    [     0.000],    20.086
 0.683,     0.661,    [     0.000],    20.086
 0.676,     0.641,    [     0.000],    20.086
 0.695,     0.649,    [     0.000],    20.086
 0.686,     0.661,    [     0.000],    20.086
 0.686,     0.653,    [     0.000],    20.086
 0.699,     0.649,    [     0.000],    20.086
 0.695,     0.653,    [     0.000],    20.086
 0.698,     0.657,    [     0.000],    20.086
 0.693,     0.669,    [     0.000],    20.086
 0.698,     0.653,    [     0.000],    20.086
 0.703,     0.661,    [     0.000],    20.086
 0.698,     0.657,    [     0.000],    20.086
 0.701,     0.661,    [     0.000],    20.086
 0.701,     0.661,    [     0.000],    20.086

 pctg,    rr,    α,    β
 0.600,     0.690,    [     0.000],    20.086


seed_val:    10
(T=1.0) Metropolis ended with magnetization 0.05795918367346939 after 1000000 iterations
 0.622,     0.588,    [     0.000],    20.086
 0.645,     0.571,    [     0.000],    20.086
 0.663,     0.596,    [     0.000],    20.086
 0.676,     0.620,    [     0.000],    20.086
 0.679,     0.641,    [     0.000],    20.086
 0.690,     0.649,    [     0.000],    20.086
 0.702,     0.678,    [     0.000],    20.086
 0.695,     0.678,    [     0.000],    20.086
 0.701,     0.686,    [     0.000],    20.086
 0.722,     0.702,    [     0.000],    20.086
 0.707,     0.702,    [     0.000],    20.086
 0.733,     0.714,    [     0.000],    20.086
 0.724,     0.706,    [     0.000],    20.086
 0.706,     0.698,    [     0.000],    20.086
 0.699,     0.698,    [     0.000],    20.086

 pctg,    rr,    α,    β
 0.600,     0.718,    [     0.000],    20.086

 trans: ising_35_0.10_0.35,     0.680 ±  0.033
 α, β: [     0.000] ± [     0.000], 20.086 ±  0.000


seed_val:    1
(T=1.0) Metropolis ended with magnetization 0.007346938775510204 after 1000000 iterations
 0.506,     0.482,    [     0.000],    20.086
 0.513,     0.465,    [     0.000],    20.086
 0.513,     0.502,    [     0.000],    20.086
 0.510,     0.469,    [     0.000],    20.086
 0.512,     0.482,    [     0.000],    20.086
 0.518,     0.498,    [     0.000],    20.086
 0.525,     0.498,    [     0.000],    20.086
 0.529,     0.527,    [     0.000],    20.086
 0.520,     0.498,    [     0.000],    20.086
 0.525,     0.494,    [     0.000],    20.086
 0.527,     0.478,    [     0.000],    20.086
 0.524,     0.482,    [     0.000],    20.086
 0.521,     0.502,    [     0.000],    20.086
 0.516,     0.510,    [     0.000],    20.086
 0.518,     0.506,    [     0.000],    20.086

 pctg,    rr,    α,    β
 0.600,     0.502,    [     0.000],    20.086


seed_val:    2
(T=1.0) Metropolis ended with magnetization 0.0236734693877551 after 1000000 iterations
 0.532,     0.494,    [     0.000],    20.086
 0.529,     0.494,    [     0.000],    20.086
 0.528,     0.498,    [     0.000],    20.086
 0.550,     0.473,    [     0.000],    20.086
 0.531,     0.490,    [     0.000],    20.086
 0.543,     0.469,    [     0.000],    20.086
 0.532,     0.453,    [     0.000],    20.086
 0.536,     0.453,    [     0.000],    20.086
 0.558,     0.486,    [     0.000],    20.086
 0.544,     0.478,    [     0.000],    20.086
 0.548,     0.482,    [     0.000],    20.086
 0.540,     0.482,    [     0.000],    20.086
 0.525,     0.486,    [     0.000],    20.086
 0.543,     0.494,    [     0.000],    20.086
 0.541,     0.514,    [     0.000],    20.086

 pctg,    rr,    α,    β
 0.600,     0.469,    [     0.000],    20.086


seed_val:    3
(T=1.0) Metropolis ended with magnetization 0.015510204081632653 after 1000000 iterations
 0.527,     0.510,    [     0.000],    20.086
 0.512,     0.510,    [     0.000],    20.086
 0.531,     0.498,    [     0.000],    20.086
 0.533,     0.482,    [     0.000],    20.086
 0.532,     0.510,    [     0.000],    20.086
 0.540,     0.502,    [     0.000],    20.086
 0.537,     0.514,    [     0.000],    20.086
 0.540,     0.482,    [     0.000],    20.086
 0.531,     0.518,    [     0.000],    20.086
 0.548,     0.518,    [     0.000],    20.086
 0.544,     0.510,    [     0.000],    20.086
 0.532,     0.522,    [     0.000],    20.086
 0.540,     0.457,    [     0.000],    20.086
 0.554,     0.510,    [     0.000],    20.086
 0.551,     0.482,    [     0.000],    20.086

 pctg,    rr,    α,    β
 0.600,     0.461,    [     0.000],    20.086


seed_val:    4
(T=1.0) Metropolis ended with magnetization 0.015510204081632653 after 1000000 iterations
 0.528,     0.465,    [     0.000],    20.086
 0.522,     0.482,    [     0.000],    20.086
 0.520,     0.461,    [     0.000],    20.086
 0.517,     0.482,    [     0.000],    20.086
 0.528,     0.482,    [     0.000],    20.086
 0.521,     0.449,    [     0.000],    20.086
 0.529,     0.473,    [     0.000],    20.086
 0.541,     0.461,    [     0.000],    20.086
 0.533,     0.465,    [     0.000],    20.086
 0.527,     0.473,    [     0.000],    20.086
 0.533,     0.478,    [     0.000],    20.086
 0.532,     0.473,    [     0.000],    20.086
 0.528,     0.494,    [     0.000],    20.086
 0.539,     0.465,    [     0.000],    20.086
 0.532,     0.478,    [     0.000],    20.086

 pctg,    rr,    α,    β
 0.600,     0.482,    [     0.000],    20.086


seed_val:    5
(T=1.0) Metropolis ended with magnetization 0.005714285714285714 after 1000000 iterations
 0.518,     0.547,    [     0.000],    20.086
 0.513,     0.473,    [     0.000],    20.086
 0.516,     0.486,    [     0.000],    20.086
 0.544,     0.490,    [     0.000],    20.086
 0.518,     0.510,    [     0.000],    20.086
 0.528,     0.510,    [     0.000],    20.086
 0.524,     0.498,    [     0.000],    20.086
 0.517,     0.502,    [     0.000],    20.086
 0.536,     0.522,    [     0.000],    20.086
 0.539,     0.506,    [     0.000],    20.086
 0.536,     0.518,    [     0.000],    20.086
 0.535,     0.527,    [     0.000],    20.086
 0.535,     0.518,    [     0.000],    20.086
 0.535,     0.506,    [     0.000],    20.086
 0.536,     0.494,    [     0.000],    20.086

 pctg,    rr,    α,    β
 0.600,     0.482,    [     0.000],    20.086


seed_val:    6
(T=1.0) Metropolis ended with magnetization 0.015510204081632653 after 1000000 iterations
 0.506,     0.506,    [     0.000],    20.086
 0.537,     0.469,    [     0.000],    20.086
 0.539,     0.465,    [     0.000],    20.086
 0.520,     0.502,    [     0.000],    20.086
 0.522,     0.478,    [     0.000],    20.086
 0.539,     0.478,    [     0.000],    20.086
 0.541,     0.486,    [     0.000],    20.086
 0.550,     0.498,    [     0.000],    20.086
 0.539,     0.486,    [     0.000],    20.086
 0.539,     0.490,    [     0.000],    20.086
 0.546,     0.473,    [     0.000],    20.086
 0.551,     0.478,    [     0.000],    20.086
 0.558,     0.478,    [     0.000],    20.086
 0.555,     0.486,    [     0.000],    20.086
 0.548,     0.441,    [     0.000],    20.086

 pctg,    rr,    α,    β
 0.600,     0.461,    [     0.000],    20.086


seed_val:    7
(T=1.0) Metropolis ended with magnetization 0.0008163265306122449 after 1000000 iterations
 0.514,     0.465,    [     0.000],    20.086
 0.507,     0.482,    [     0.000],    20.086
 0.521,     0.445,    [     0.000],    20.086
 0.513,     0.457,    [     0.000],    20.086
 0.517,     0.482,    [     0.000],    20.086
 0.509,     0.490,    [     0.000],    20.086
 0.522,     0.465,    [     0.000],    20.086
 0.521,     0.449,    [     0.000],    20.086
 0.527,     0.469,    [     0.000],    20.086
 0.522,     0.482,    [     0.000],    20.086
 0.518,     0.445,    [     0.000],    20.086
 0.529,     0.469,    [     0.000],    20.086
 0.540,     0.449,    [     0.000],    20.086
 0.533,     0.420,    [     0.000],    20.086
 0.529,     0.478,    [     0.000],    20.086

 pctg,    rr,    α,    β
 0.600,     0.457,    [     0.000],    20.086


seed_val:    8
(T=1.0) Metropolis ended with magnetization 0.010612244897959184 after 1000000 iterations
 0.521,     0.498,    [     0.000],    20.086
 0.529,     0.506,    [     0.000],    20.086
 0.539,     0.490,    [     0.000],    20.086
 0.552,     0.494,    [     0.000],    20.086
 0.544,     0.494,    [     0.000],    20.086
 0.543,     0.510,    [     0.000],    20.086
 0.561,     0.502,    [     0.000],    20.086
 0.547,     0.473,    [     0.000],    20.086
 0.561,     0.486,    [     0.000],    20.086
 0.551,     0.494,    [     0.000],    20.086
 0.559,     0.510,    [     0.000],    20.086
 0.540,     0.486,    [     0.000],    20.086
 0.541,     0.486,    [     0.000],    20.086
 0.551,     0.490,    [     0.000],    20.086
 0.555,     0.506,    [     0.000],    20.086

 pctg,    rr,    α,    β
 0.600,     0.453,    [     0.000],    20.086


seed_val:    9
(T=1.0) Metropolis ended with magnetization 0.015510204081632653 after 1000000 iterations
 0.528,     0.420,    [     0.000],    20.086
 0.514,     0.461,    [     0.000],    20.086
 0.543,     0.449,    [     0.000],    20.086
 0.533,     0.469,    [     0.000],    20.086
 0.539,     0.449,    [     0.000],    20.086
 0.539,     0.469,    [     0.000],    20.086
 0.529,     0.469,    [     0.000],    20.086
 0.546,     0.457,    [     0.000],    20.086
 0.535,     0.445,    [     0.000],    20.086
 0.540,     0.469,    [     0.000],    20.086
 0.546,     0.478,    [     0.000],    20.086
 0.536,     0.457,    [     0.000],    20.086
 0.548,     0.457,    [     0.000],    20.086
 0.541,     0.490,    [     0.000],    20.086
 0.554,     0.449,    [     0.000],    20.086

 pctg,    rr,    α,    β
 0.600,     0.473,    [     0.000],    20.086


seed_val:    10
(T=1.0) Metropolis ended with magnetization 0.0236734693877551 after 1000000 iterations
 0.520,     0.482,    [     0.000],    20.086
 0.528,     0.465,    [     0.000],    20.086
 0.527,     0.469,    [     0.000],    20.086
 0.522,     0.494,    [     0.000],    20.086
 0.521,     0.482,    [     0.000],    20.086
 0.531,     0.473,    [     0.000],    20.086
 0.525,     0.469,    [     0.000],    20.086
 0.524,     0.465,    [     0.000],    20.086
 0.543,     0.494,    [     0.000],    20.086
 0.529,     0.457,    [     0.000],    20.086
 0.520,     0.457,    [     0.000],    20.086
 0.536,     0.486,    [     0.000],    20.086
 0.535,     0.473,    [     0.000],    20.086
 0.548,     0.482,    [     0.000],    20.086
 0.521,     0.506,    [     0.000],    20.086

 pctg,    rr,    α,    β
 0.600,     0.486,    [     0.000],    20.086

 trans: ising_35_0.10_-0.35,     0.473 ±  0.015
 α, β: [     0.000] ± [     0.000], 20.086 ±  0.000


seed_val:    1
 0.530,     0.508,    [     0.000],    20.086
 0.574,     0.553,    [     0.000],    20.086
 0.589,     0.571,    [     0.000],    20.086
 0.599,     0.575,    [     0.000],    20.086
 0.606,     0.578,    [     0.000],    20.086
 0.617,     0.587,    [     0.000],    20.086
 0.624,     0.584,    [     0.000],    20.086
 0.628,     0.582,    [     0.000],    20.086
 0.637,     0.588,    [     0.000],    20.086
 0.645,     0.592,    [     0.000],    20.086
 0.649,     0.589,    [     0.000],    20.086
 0.656,     0.593,    [     0.000],    20.086
 0.660,     0.593,    [     0.000],    20.086
 0.665,     0.597,    [     0.000],    20.086
 0.667,     0.588,    [     0.000],    20.086

 pctg,    rr,    α,    β
 0.600,     0.602,    [     0.000],    20.086


seed_val:    2
 0.479,     0.502,    [     0.000],    20.086
 0.562,     0.571,    [     0.000],    20.086
 0.580,     0.572,    [     0.000],    20.086
 0.597,     0.584,    [     0.000],    20.086
 0.603,     0.579,    [     0.000],    20.086
 0.606,     0.586,    [     0.000],    20.086
 0.612,     0.584,    [     0.000],    20.086
 0.619,     0.595,    [     0.000],    20.086
 0.625,     0.592,    [     0.000],    20.086
 0.629,     0.597,    [     0.000],    20.086
 0.635,     0.600,    [     0.000],    20.086
 0.637,     0.596,    [     0.000],    20.086
 0.638,     0.598,    [     0.000],    20.086
 0.636,     0.594,    [     0.000],    20.086
 0.647,     0.604,    [     0.000],    20.086

 pctg,    rr,    α,    β
 0.600,     0.617,    [     0.000],    20.086


seed_val:    3
 0.401,     0.382,    [     0.000],    20.086
 0.590,     0.523,    [     0.000],    20.086
 0.615,     0.550,    [     0.000],    20.086
 0.624,     0.547,    [     0.000],    20.086
 0.629,     0.558,    [     0.000],    20.086
 0.635,     0.554,    [     0.000],    20.086
 0.640,     0.557,    [     0.000],    20.086
 0.645,     0.559,    [     0.000],    20.086
 0.649,     0.557,    [     0.000],    20.086
 0.654,     0.562,    [     0.000],    20.086
 0.660,     0.570,    [     0.000],    20.086
 0.664,     0.563,    [     0.000],    20.086
 0.663,     0.572,    [     0.000],    20.086
 0.670,     0.571,    [     0.000],    20.086
 0.672,     0.574,    [     0.000],    20.086

 pctg,    rr,    α,    β
 0.600,     0.569,    [     0.000],    20.086


seed_val:    4
 0.421,     0.371,    [     0.000],    20.086
 0.583,     0.515,    [     0.000],    20.086
 0.604,     0.531,    [     0.000],    20.086
 0.620,     0.529,    [     0.000],    20.086
 0.629,     0.533,    [     0.000],    20.086
 0.636,     0.530,    [     0.000],    20.086
 0.646,     0.538,    [     0.000],    20.086
 0.650,     0.537,    [     0.000],    20.086
 0.658,     0.541,    [     0.000],    20.086
 0.664,     0.538,    [     0.000],    20.086
 0.667,     0.540,    [     0.000],    20.086
 0.671,     0.543,    [     0.000],    20.086
 0.676,     0.541,    [     0.000],    20.086
 0.681,     0.548,    [     0.000],    20.086
 0.683,     0.539,    [     0.000],    20.086

 pctg,    rr,    α,    β
 0.600,     0.639,    [     0.000],    20.086


seed_val:    5
 0.511,     0.556,    [     0.000],    20.086
 0.555,     0.599,    [     0.000],    20.086
 0.572,     0.613,    [     0.000],    20.086
 0.580,     0.625,    [     0.000],    20.086
 0.593,     0.636,    [     0.000],    20.086
 0.603,     0.633,    [     0.000],    20.086
 0.614,     0.634,    [     0.000],    20.086
 0.623,     0.637,    [     0.000],    20.086
 0.633,     0.643,    [     0.000],    20.086
 0.641,     0.643,    [     0.000],    20.086
 0.648,     0.647,    [     0.000],    20.086
 0.655,     0.655,    [     0.000],    20.086
 0.662,     0.650,    [     0.000],    20.086
 0.670,     0.652,    [     0.000],    20.086
 0.675,     0.660,    [     0.000],    20.086

 pctg,    rr,    α,    β
 0.600,     0.628,    [     0.000],    20.086


seed_val:    6
 0.443,     0.437,    [     0.000],    20.086
 0.558,     0.559,    [     0.000],    20.086
 0.576,     0.578,    [     0.000],    20.086
 0.585,     0.586,    [     0.000],    20.086
 0.594,     0.592,    [     0.000],    20.086
 0.601,     0.596,    [     0.000],    20.086
 0.609,     0.600,    [     0.000],    20.086
 0.616,     0.605,    [     0.000],    20.086
 0.621,     0.606,    [     0.000],    20.086
 0.626,     0.609,    [     0.000],    20.086
 0.634,     0.610,    [     0.000],    20.086
 0.639,     0.609,    [     0.000],    20.086
 0.643,     0.611,    [     0.000],    20.086
 0.650,     0.615,    [     0.000],    20.086
 0.656,     0.612,    [     0.000],    20.086

 pctg,    rr,    α,    β
 0.600,     0.617,    [     0.000],    20.086


seed_val:    7
 0.537,     0.592,    [     0.000],    20.086
 0.562,     0.610,    [     0.000],    20.086
 0.578,     0.623,    [     0.000],    20.086
 0.590,     0.631,    [     0.000],    20.086
 0.601,     0.641,    [     0.000],    20.086
 0.611,     0.657,    [     0.000],    20.086
 0.619,     0.657,    [     0.000],    20.086
 0.626,     0.658,    [     0.000],    20.086
 0.635,     0.674,    [     0.000],    20.086
 0.641,     0.674,    [     0.000],    20.086
 0.647,     0.676,    [     0.000],    20.086
 0.654,     0.681,    [     0.000],    20.086
 0.658,     0.687,    [     0.000],    20.086
 0.664,     0.683,    [     0.000],    20.086
 0.669,     0.687,    [     0.000],    20.086

 pctg,    rr,    α,    β
 0.600,     0.576,    [     0.000],    20.086


seed_val:    8
 0.524,     0.504,    [     0.000],    20.086
 0.565,     0.545,    [     0.000],    20.086
 0.586,     0.554,    [     0.000],    20.086
 0.604,     0.566,    [     0.000],    20.086
 0.615,     0.570,    [     0.000],    20.086
 0.623,     0.579,    [     0.000],    20.086
 0.632,     0.579,    [     0.000],    20.086
 0.637,     0.586,    [     0.000],    20.086
 0.646,     0.581,    [     0.000],    20.086
 0.652,     0.589,    [     0.000],    20.086
 0.657,     0.594,    [     0.000],    20.086
 0.661,     0.588,    [     0.000],    20.086
 0.661,     0.601,    [     0.000],    20.086
 0.668,     0.604,    [     0.000],    20.086
 0.670,     0.600,    [     0.000],    20.086

 pctg,    rr,    α,    β
 0.600,     0.624,    [     0.000],    20.086


seed_val:    9
 0.475,     0.507,    [     0.000],    20.086
 0.559,     0.609,    [     0.000],    20.086
 0.571,     0.613,    [     0.000],    20.086
 0.591,     0.636,    [     0.000],    20.086
 0.603,     0.634,    [     0.000],    20.086
 0.612,     0.639,    [     0.000],    20.086
 0.616,     0.648,    [     0.000],    20.086
 0.628,     0.650,    [     0.000],    20.086
 0.631,     0.648,    [     0.000],    20.086
 0.639,     0.656,    [     0.000],    20.086
 0.639,     0.660,    [     0.000],    20.086
 0.647,     0.662,    [     0.000],    20.086
 0.653,     0.662,    [     0.000],    20.086
 0.654,     0.655,    [     0.000],    20.086
 0.662,     0.669,    [     0.000],    20.086

 pctg,    rr,    α,    β
 0.600,     0.647,    [     0.000],    20.086


seed_val:    10
 0.545,     0.511,    [     0.000],    20.086
 0.586,     0.546,    [     0.000],    20.086
 0.599,     0.552,    [     0.000],    20.086
 0.618,     0.569,    [     0.000],    20.086
 0.629,     0.577,    [     0.000],    20.086
 0.638,     0.584,    [     0.000],    20.086
 0.649,     0.590,    [     0.000],    20.086
 0.653,     0.603,    [     0.000],    20.086
 0.667,     0.610,    [     0.000],    20.086
 0.670,     0.612,    [     0.000],    20.086
 0.679,     0.608,    [     0.000],    20.086
 0.686,     0.615,    [     0.000],    20.086
 0.689,     0.609,    [     0.000],    20.086
 0.692,     0.612,    [     0.000],    20.086
 0.691,     0.607,    [     0.000],    20.086

 pctg,    rr,    α,    β
 0.600,     0.602,    [     0.000],    20.086

 trans: county_income_2012,     0.612 ±  0.025
 α, β: [     0.000] ± [     0.000], 20.086 ±  0.000


seed_val:    1
 0.437,     0.414,    [     0.000],    20.086
 0.605,     0.560,    [     0.000],    20.086
 0.642,     0.588,    [     0.000],    20.086
 0.665,     0.604,    [     0.000],    20.086
 0.674,     0.611,    [     0.000],    20.086
 0.688,     0.629,    [     0.000],    20.086
 0.694,     0.628,    [     0.000],    20.086
 0.700,     0.633,    [     0.000],    20.086
 0.706,     0.632,    [     0.000],    20.086
 0.710,     0.628,    [     0.000],    20.086
 0.715,     0.631,    [     0.000],    20.086
 0.720,     0.630,    [     0.000],    20.086
 0.719,     0.630,    [     0.000],    20.086
 0.723,     0.631,    [     0.000],    20.086
 0.721,     0.625,    [     0.000],    20.086

 pctg,    rr,    α,    β
 0.600,     0.655,    [     0.000],    20.086


seed_val:    2
 0.553,     0.534,    [     0.000],    20.086
 0.621,     0.589,    [     0.000],    20.086
 0.651,     0.614,    [     0.000],    20.086
 0.674,     0.626,    [     0.000],    20.086
 0.681,     0.626,    [     0.000],    20.086
 0.689,     0.631,    [     0.000],    20.086
 0.691,     0.640,    [     0.000],    20.086
 0.700,     0.639,    [     0.000],    20.086
 0.702,     0.642,    [     0.000],    20.086
 0.708,     0.641,    [     0.000],    20.086
 0.711,     0.643,    [     0.000],    20.086
 0.712,     0.638,    [     0.000],    20.086
 0.715,     0.639,    [     0.000],    20.086
 0.719,     0.638,    [     0.000],    20.086
 0.720,     0.635,    [     0.000],    20.086

 pctg,    rr,    α,    β
 0.600,     0.675,    [     0.000],    20.086


seed_val:    3
 0.512,     0.508,    [     0.000],    20.086
 0.601,     0.598,    [     0.000],    20.086
 0.642,     0.651,    [     0.000],    20.086
 0.661,     0.668,    [     0.000],    20.086
 0.672,     0.683,    [     0.000],    20.086
 0.682,     0.689,    [     0.000],    20.086
 0.690,     0.694,    [     0.000],    20.086
 0.696,     0.687,    [     0.000],    20.086
 0.699,     0.683,    [     0.000],    20.086
 0.705,     0.695,    [     0.000],    20.086
 0.709,     0.695,    [     0.000],    20.086
 0.705,     0.695,    [     0.000],    20.086
 0.712,     0.699,    [     0.000],    20.086
 0.716,     0.695,    [     0.000],    20.086
 0.715,     0.701,    [     0.000],    20.086

 pctg,    rr,    α,    β
 0.600,     0.600,    [     0.000],    20.086


seed_val:    4
 0.520,     0.476,    [     0.000],    20.086
 0.601,     0.552,    [     0.000],    20.086
 0.634,     0.586,    [     0.000],    20.086
 0.655,     0.607,    [     0.000],    20.086
 0.668,     0.622,    [     0.000],    20.086
 0.675,     0.639,    [     0.000],    20.086
 0.682,     0.635,    [     0.000],    20.086
 0.688,     0.638,    [     0.000],    20.086
 0.692,     0.635,    [     0.000],    20.086
 0.698,     0.636,    [     0.000],    20.086
 0.701,     0.645,    [     0.000],    20.086
 0.701,     0.643,    [     0.000],    20.086
 0.707,     0.640,    [     0.000],    20.086
 0.710,     0.634,    [     0.000],    20.086
 0.713,     0.638,    [     0.000],    20.086

 pctg,    rr,    α,    β
 0.600,     0.675,    [     0.000],    20.086


seed_val:    5
 0.512,     0.514,    [     0.000],    20.086
 0.595,     0.587,    [     0.000],    20.086
 0.636,     0.593,    [     0.000],    20.086
 0.656,     0.614,    [     0.000],    20.086
 0.669,     0.623,    [     0.000],    20.086
 0.678,     0.621,    [     0.000],    20.086
 0.673,     0.626,    [     0.000],    20.086
 0.690,     0.613,    [     0.000],    20.086
 0.697,     0.617,    [     0.000],    20.086
 0.702,     0.617,    [     0.000],    20.086
 0.709,     0.621,    [     0.000],    20.086
 0.712,     0.617,    [     0.000],    20.086
 0.715,     0.607,    [     0.000],    20.086
 0.720,     0.610,    [     0.000],    20.086
 0.725,     0.608,    [     0.000],    20.086

 pctg,    rr,    α,    β
 0.600,     0.692,    [     0.000],    20.086


seed_val:    6
 0.510,     0.467,    [     0.000],    20.086
 0.629,     0.583,    [     0.000],    20.086
 0.661,     0.611,    [     0.000],    20.086
 0.673,     0.623,    [     0.000],    20.086
 0.683,     0.622,    [     0.000],    20.086
 0.690,     0.615,    [     0.000],    20.086
 0.692,     0.612,    [     0.000],    20.086
 0.701,     0.613,    [     0.000],    20.086
 0.706,     0.617,    [     0.000],    20.086
 0.709,     0.618,    [     0.000],    20.086
 0.713,     0.621,    [     0.000],    20.086
 0.712,     0.607,    [     0.000],    20.086
 0.715,     0.616,    [     0.000],    20.086
 0.721,     0.608,    [     0.000],    20.086
 0.720,     0.610,    [     0.000],    20.086

 pctg,    rr,    α,    β
 0.600,     0.655,    [     0.000],    20.086


seed_val:    7
 0.527,     0.578,    [     0.000],    20.086
 0.589,     0.629,    [     0.000],    20.086
 0.618,     0.661,    [     0.000],    20.086
 0.628,     0.664,    [     0.000],    20.086
 0.648,     0.692,    [     0.000],    20.086
 0.658,     0.697,    [     0.000],    20.086
 0.663,     0.705,    [     0.000],    20.086
 0.671,     0.707,    [     0.000],    20.086
 0.676,     0.709,    [     0.000],    20.086
 0.681,     0.713,    [     0.000],    20.086
 0.679,     0.703,    [     0.000],    20.086
 0.686,     0.704,    [     0.000],    20.086
 0.692,     0.707,    [     0.000],    20.086
 0.695,     0.711,    [     0.000],    20.086
 0.699,     0.709,    [     0.000],    20.086

 pctg,    rr,    α,    β
 0.600,     0.662,    [     0.000],    20.086


seed_val:    8
 0.554,     0.510,    [     0.000],    20.086
 0.626,     0.561,    [     0.000],    20.086
 0.655,     0.580,    [     0.000],    20.086
 0.670,     0.602,    [     0.000],    20.086
 0.680,     0.610,    [     0.000],    20.086
 0.693,     0.621,    [     0.000],    20.086
 0.698,     0.623,    [     0.000],    20.086
 0.703,     0.628,    [     0.000],    20.086
 0.708,     0.626,    [     0.000],    20.086
 0.710,     0.631,    [     0.000],    20.086
 0.715,     0.632,    [     0.000],    20.086
 0.718,     0.621,    [     0.000],    20.086
 0.722,     0.622,    [     0.000],    20.086
 0.723,     0.624,    [     0.000],    20.086
 0.725,     0.625,    [     0.000],    20.086

 pctg,    rr,    α,    β
 0.600,     0.669,    [     0.000],    20.086


seed_val:    9
 0.494,     0.490,    [     0.000],    20.086
 0.588,     0.590,    [     0.000],    20.086
 0.635,     0.642,    [     0.000],    20.086
 0.662,     0.673,    [     0.000],    20.086
 0.666,     0.676,    [     0.000],    20.086
 0.681,     0.678,    [     0.000],    20.086
 0.684,     0.686,    [     0.000],    20.086
 0.692,     0.684,    [     0.000],    20.086
 0.695,     0.690,    [     0.000],    20.086
 0.700,     0.688,    [     0.000],    20.086
 0.705,     0.693,    [     0.000],    20.086
 0.710,     0.691,    [     0.000],    20.086
 0.711,     0.690,    [     0.000],    20.086
 0.715,     0.693,    [     0.000],    20.086
 0.716,     0.684,    [     0.000],    20.086

 pctg,    rr,    α,    β
 0.600,     0.657,    [     0.000],    20.086


seed_val:    10
 0.305,     0.301,    [     0.000],    20.086
 0.594,     0.591,    [     0.000],    20.086
 0.662,     0.626,    [     0.000],    20.086
 0.677,     0.629,    [     0.000],    20.086
 0.688,     0.630,    [     0.000],    20.086
 0.695,     0.640,    [     0.000],    20.086
 0.699,     0.623,    [     0.000],    20.086
 0.705,     0.632,    [     0.000],    20.086
 0.711,     0.629,    [     0.000],    20.086
 0.715,     0.634,    [     0.000],    20.086
 0.716,     0.635,    [     0.000],    20.086
 0.724,     0.632,    [     0.000],    20.086
 0.727,     0.632,    [     0.000],    20.086
 0.730,     0.632,    [     0.000],    20.086
 0.732,     0.628,    [     0.000],    20.086

 pctg,    rr,    α,    β
 0.600,     0.666,    [     0.000],    20.086

 trans: county_education_2012,     0.661 ±  0.024
 α, β: [     0.000] ± [     0.000], 20.086 ±  0.000


seed_val:    1
 0.231,     0.165,    [     0.000],    20.086
 0.368,     0.288,    [     0.000],    20.086
 0.402,     0.316,    [     0.000],    20.086
 0.419,     0.333,    [     0.000],    20.086
 0.428,     0.336,    [     0.000],    20.086
 0.438,     0.353,    [     0.000],    20.086
 0.440,     0.351,    [     0.000],    20.086
 0.447,     0.355,    [     0.000],    20.086
 0.456,     0.362,    [     0.000],    20.086
 0.459,     0.363,    [     0.000],    20.086
 0.465,     0.370,    [     0.000],    20.086
 0.472,     0.374,    [     0.000],    20.086
 0.473,     0.374,    [     0.000],    20.086
 0.479,     0.378,    [     0.000],    20.086
 0.487,     0.382,    [     0.000],    20.086

 pctg,    rr,    α,    β
 0.600,     0.391,    [     0.000],    20.086


seed_val:    2
 0.204,     0.168,    [     0.000],    20.086
 0.352,     0.324,    [     0.000],    20.086
 0.392,     0.369,    [     0.000],    20.086
 0.417,     0.389,    [     0.000],    20.086
 0.431,     0.401,    [     0.000],    20.086
 0.442,     0.409,    [     0.000],    20.086
 0.453,     0.418,    [     0.000],    20.086
 0.462,     0.425,    [     0.000],    20.086
 0.472,     0.433,    [     0.000],    20.086
 0.482,     0.439,    [     0.000],    20.086
 0.493,     0.440,    [     0.000],    20.086
 0.498,     0.446,    [     0.000],    20.086
 0.504,     0.444,    [     0.000],    20.086
 0.513,     0.454,    [     0.000],    20.086
 0.519,     0.450,    [     0.000],    20.086

 pctg,    rr,    α,    β
 0.600,     0.457,    [     0.000],    20.086


seed_val:    3
 0.196,     0.203,    [     0.000],    20.086
 0.356,     0.394,    [     0.000],    20.086
 0.394,     0.413,    [     0.000],    20.086
 0.409,     0.420,    [     0.000],    20.086
 0.423,     0.412,    [     0.000],    20.086
 0.431,     0.411,    [     0.000],    20.086
 0.439,     0.412,    [     0.000],    20.086
 0.449,     0.411,    [     0.000],    20.086
 0.458,     0.409,    [     0.000],    20.086
 0.467,     0.410,    [     0.000],    20.086
 0.480,     0.411,    [     0.000],    20.086
 0.494,     0.418,    [     0.000],    20.086
 0.507,     0.419,    [     0.000],    20.086
 0.518,     0.407,    [     0.000],    20.086
 0.530,     0.415,    [     0.000],    20.086

 pctg,    rr,    α,    β
 0.600,     0.442,    [     0.000],    20.086


seed_val:    4
 0.201,     0.206,    [     0.000],    20.086
 0.347,     0.309,    [     0.000],    20.086
 0.409,     0.348,    [     0.000],    20.086
 0.434,     0.375,    [     0.000],    20.086
 0.453,     0.383,    [     0.000],    20.086
 0.468,     0.382,    [     0.000],    20.086
 0.480,     0.389,    [     0.000],    20.086
 0.495,     0.398,    [     0.000],    20.086
 0.510,     0.397,    [     0.000],    20.086
 0.523,     0.398,    [     0.000],    20.086
 0.533,     0.393,    [     0.000],    20.086
 0.543,     0.406,    [     0.000],    20.086
 0.548,     0.402,    [     0.000],    20.086
 0.559,     0.406,    [     0.000],    20.086
 0.564,     0.389,    [     0.000],    20.086

 pctg,    rr,    α,    β
 0.600,     0.409,    [     0.000],    20.086


seed_val:    5
 0.231,     0.272,    [     0.000],    20.086
 0.341,     0.384,    [     0.000],    20.086
 0.380,     0.423,    [     0.000],    20.086
 0.395,     0.432,    [     0.000],    20.086
 0.407,     0.430,    [     0.000],    20.086
 0.422,     0.441,    [     0.000],    20.086
 0.432,     0.448,    [     0.000],    20.086
 0.440,     0.445,    [     0.000],    20.086
 0.448,     0.450,    [     0.000],    20.086
 0.454,     0.454,    [     0.000],    20.086
 0.459,     0.432,    [     0.000],    20.086
 0.480,     0.456,    [     0.000],    20.086
 0.488,     0.458,    [     0.000],    20.086
 0.498,     0.460,    [     0.000],    20.086
 0.509,     0.457,    [     0.000],    20.086

 pctg,    rr,    α,    β
 0.600,     0.408,    [     0.000],    20.086


seed_val:    6
 0.217,     0.183,    [     0.000],    20.086
 0.347,     0.317,    [     0.000],    20.086
 0.375,     0.355,    [     0.000],    20.086
 0.389,     0.363,    [     0.000],    20.086
 0.397,     0.378,    [     0.000],    20.086
 0.412,     0.389,    [     0.000],    20.086
 0.417,     0.385,    [     0.000],    20.086
 0.424,     0.392,    [     0.000],    20.086
 0.433,     0.410,    [     0.000],    20.086
 0.442,     0.416,    [     0.000],    20.086
 0.449,     0.419,    [     0.000],    20.086
 0.456,     0.416,    [     0.000],    20.086
 0.463,     0.426,    [     0.000],    20.086
 0.473,     0.433,    [     0.000],    20.086
 0.479,     0.444,    [     0.000],    20.086

 pctg,    rr,    α,    β
 0.600,     0.412,    [     0.000],    20.086


seed_val:    7
 0.246,     0.209,    [     0.000],    20.086
 0.365,     0.308,    [     0.000],    20.086
 0.410,     0.341,    [     0.000],    20.086
 0.416,     0.344,    [     0.000],    20.086
 0.436,     0.354,    [     0.000],    20.086
 0.444,     0.355,    [     0.000],    20.086
 0.453,     0.363,    [     0.000],    20.086
 0.460,     0.361,    [     0.000],    20.086
 0.465,     0.365,    [     0.000],    20.086
 0.473,     0.365,    [     0.000],    20.086
 0.479,     0.367,    [     0.000],    20.086
 0.485,     0.368,    [     0.000],    20.086
 0.486,     0.373,    [     0.000],    20.086
 0.492,     0.362,    [     0.000],    20.086
 0.499,     0.375,    [     0.000],    20.086

 pctg,    rr,    α,    β
 0.600,     0.452,    [     0.000],    20.086


seed_val:    8
 0.237,     0.213,    [     0.000],    20.086
 0.330,     0.298,    [     0.000],    20.086
 0.379,     0.343,    [     0.000],    20.086
 0.405,     0.363,    [     0.000],    20.086
 0.425,     0.378,    [     0.000],    20.086
 0.438,     0.389,    [     0.000],    20.086
 0.457,     0.399,    [     0.000],    20.086
 0.473,     0.410,    [     0.000],    20.086
 0.486,     0.420,    [     0.000],    20.086
 0.498,     0.429,    [     0.000],    20.086
 0.510,     0.436,    [     0.000],    20.086
 0.524,     0.442,    [     0.000],    20.086
 0.537,     0.449,    [     0.000],    20.086
 0.546,     0.458,    [     0.000],    20.086
 0.555,     0.460,    [     0.000],    20.086

 pctg,    rr,    α,    β
 0.600,     0.419,    [     0.000],    20.086


seed_val:    9
 0.250,     0.220,    [     0.000],    20.086
 0.332,     0.283,    [     0.000],    20.086
 0.371,     0.305,    [     0.000],    20.086
 0.390,     0.311,    [     0.000],    20.086
 0.401,     0.323,    [     0.000],    20.086
 0.409,     0.326,    [     0.000],    20.086
 0.416,     0.328,    [     0.000],    20.086
 0.421,     0.329,    [     0.000],    20.086
 0.423,     0.331,    [     0.000],    20.086
 0.433,     0.335,    [     0.000],    20.086
 0.444,     0.344,    [     0.000],    20.086
 0.448,     0.348,    [     0.000],    20.086
 0.457,     0.349,    [     0.000],    20.086
 0.460,     0.350,    [     0.000],    20.086
 0.468,     0.353,    [     0.000],    20.086

 pctg,    rr,    α,    β
 0.600,     0.454,    [     0.000],    20.086


seed_val:    10
 0.232,     0.186,    [     0.000],    20.086
 0.342,     0.308,    [     0.000],    20.086
 0.374,     0.339,    [     0.000],    20.086
 0.392,     0.347,    [     0.000],    20.086
 0.407,     0.359,    [     0.000],    20.086
 0.419,     0.366,    [     0.000],    20.086
 0.429,     0.370,    [     0.000],    20.086
 0.440,     0.366,    [     0.000],    20.086
 0.449,     0.376,    [     0.000],    20.086
 0.462,     0.380,    [     0.000],    20.086
 0.472,     0.381,    [     0.000],    20.086
 0.477,     0.382,    [     0.000],    20.086
 0.495,     0.389,    [     0.000],    20.086
 0.505,     0.401,    [     0.000],    20.086
 0.515,     0.406,    [     0.000],    20.086

 pctg,    rr,    α,    β
 0.600,     0.497,    [     0.000],    20.086

 trans: county_unemployment_2012,     0.434 ±  0.032
 α, β: [     0.000] ± [     0.000], 20.086 ±  0.000


seed_val:    1
 0.149,     0.172,    [     0.000],    20.086
 0.267,     0.242,    [     0.000],    20.086
 0.314,     0.267,    [     0.000],    20.086
 0.343,     0.282,    [     0.000],    20.086
 0.365,     0.294,    [     0.000],    20.086
 0.386,     0.322,    [     0.000],    20.086
 0.398,     0.318,    [     0.000],    20.086
 0.412,     0.328,    [     0.000],    20.086
 0.428,     0.353,    [     0.000],    20.086
 0.438,     0.359,    [     0.000],    20.086
 0.446,     0.352,    [     0.000],    20.086
 0.456,     0.361,    [     0.000],    20.086
 0.466,     0.361,    [     0.000],    20.086
 0.473,     0.364,    [     0.000],    20.086
 0.481,     0.364,    [     0.000],    20.086

 pctg,    rr,    α,    β
 0.600,     0.345,    [     0.000],    20.086


seed_val:    2
 0.186,     0.192,    [     0.000],    20.086
 0.261,     0.271,    [     0.000],    20.086
 0.295,     0.293,    [     0.000],    20.086
 0.318,     0.311,    [     0.000],    20.086
 0.334,     0.325,    [     0.000],    20.086
 0.352,     0.332,    [     0.000],    20.086
 0.373,     0.343,    [     0.000],    20.086
 0.390,     0.359,    [     0.000],    20.086
 0.398,     0.359,    [     0.000],    20.086
 0.407,     0.356,    [     0.000],    20.086
 0.422,     0.374,    [     0.000],    20.086
 0.426,     0.355,    [     0.000],    20.086
 0.432,     0.356,    [     0.000],    20.086
 0.441,     0.355,    [     0.000],    20.086
 0.431,     0.338,    [     0.000],    20.086

 pctg,    rr,    α,    β
 0.600,     0.391,    [     0.000],    20.086


seed_val:    3
 0.094,     0.105,    [     0.000],    20.086
 0.234,     0.213,    [     0.000],    20.086
 0.296,     0.269,    [     0.000],    20.086
 0.342,     0.307,    [     0.000],    20.086
 0.378,     0.332,    [     0.000],    20.086
 0.400,     0.352,    [     0.000],    20.086
 0.421,     0.363,    [     0.000],    20.086
 0.433,     0.369,    [     0.000],    20.086
 0.441,     0.369,    [     0.000],    20.086
 0.451,     0.383,    [     0.000],    20.086
 0.457,     0.387,    [     0.000],    20.086
 0.462,     0.387,    [     0.000],    20.086
 0.465,     0.385,    [     0.000],    20.086
 0.471,     0.382,    [     0.000],    20.086
 0.473,     0.384,    [     0.000],    20.086

 pctg,    rr,    α,    β
 0.600,     0.296,    [     0.000],    20.086


seed_val:    4
 0.167,     0.105,    [     0.000],    20.086
 0.284,     0.209,    [     0.000],    20.086
 0.331,     0.235,    [     0.000],    20.086
 0.351,     0.247,    [     0.000],    20.086
 0.382,     0.265,    [     0.000],    20.086
 0.400,     0.282,    [     0.000],    20.086
 0.420,     0.297,    [     0.000],    20.086
 0.431,     0.293,    [     0.000],    20.086
 0.439,     0.285,    [     0.000],    20.086
 0.452,     0.307,    [     0.000],    20.086
 0.459,     0.310,    [     0.000],    20.086
 0.464,     0.303,    [     0.000],    20.086
 0.468,     0.309,    [     0.000],    20.086
 0.473,     0.298,    [     0.000],    20.086
 0.477,     0.298,    [     0.000],    20.086

 pctg,    rr,    α,    β
 0.600,     0.343,    [     0.000],    20.086


seed_val:    5
 0.169,     0.115,    [     0.000],    20.086
 0.282,     0.235,    [     0.000],    20.086
 0.344,     0.291,    [     0.000],    20.086
 0.372,     0.327,    [     0.000],    20.086
 0.398,     0.330,    [     0.000],    20.086
 0.418,     0.345,    [     0.000],    20.086
 0.430,     0.355,    [     0.000],    20.086
 0.439,     0.366,    [     0.000],    20.086
 0.449,     0.376,    [     0.000],    20.086
 0.453,     0.369,    [     0.000],    20.086
 0.464,     0.375,    [     0.000],    20.086
 0.469,     0.372,    [     0.000],    20.086
 0.474,     0.374,    [     0.000],    20.086
 0.480,     0.376,    [     0.000],    20.086
 0.488,     0.385,    [     0.000],    20.086

 pctg,    rr,    α,    β
 0.600,     0.400,    [     0.000],    20.086


seed_val:    6
 0.250,     0.260,    [     0.000],    20.086
 0.323,     0.299,    [     0.000],    20.086
 0.362,     0.314,    [     0.000],    20.086
 0.365,     0.306,    [     0.000],    20.086
 0.392,     0.322,    [     0.000],    20.086
 0.405,     0.328,    [     0.000],    20.086
 0.417,     0.329,    [     0.000],    20.086
 0.429,     0.339,    [     0.000],    20.086
 0.436,     0.345,    [     0.000],    20.086
 0.447,     0.344,    [     0.000],    20.086
 0.454,     0.347,    [     0.000],    20.086
 0.452,     0.327,    [     0.000],    20.086
 0.462,     0.342,    [     0.000],    20.086
 0.467,     0.336,    [     0.000],    20.086
 0.474,     0.342,    [     0.000],    20.086

 pctg,    rr,    α,    β
 0.600,     0.359,    [     0.000],    20.086


seed_val:    7
 0.275,     0.288,    [     0.000],    20.086
 0.325,     0.332,    [     0.000],    20.086
 0.361,     0.360,    [     0.000],    20.086
 0.385,     0.367,    [     0.000],    20.086
 0.401,     0.370,    [     0.000],    20.086
 0.409,     0.366,    [     0.000],    20.086
 0.421,     0.381,    [     0.000],    20.086
 0.428,     0.382,    [     0.000],    20.086
 0.436,     0.377,    [     0.000],    20.086
 0.443,     0.379,    [     0.000],    20.086
 0.451,     0.384,    [     0.000],    20.086
 0.459,     0.380,    [     0.000],    20.086
 0.461,     0.393,    [     0.000],    20.086
 0.469,     0.393,    [     0.000],    20.086
 0.475,     0.396,    [     0.000],    20.086

 pctg,    rr,    α,    β
 0.600,     0.373,    [     0.000],    20.086


seed_val:    8
 0.241,     0.205,    [     0.000],    20.086
 0.304,     0.267,    [     0.000],    20.086
 0.339,     0.297,    [     0.000],    20.086
 0.360,     0.319,    [     0.000],    20.086
 0.377,     0.335,    [     0.000],    20.086
 0.397,     0.352,    [     0.000],    20.086
 0.412,     0.353,    [     0.000],    20.086
 0.422,     0.368,    [     0.000],    20.086
 0.439,     0.365,    [     0.000],    20.086
 0.449,     0.384,    [     0.000],    20.086
 0.462,     0.389,    [     0.000],    20.086
 0.469,     0.394,    [     0.000],    20.086
 0.477,     0.399,    [     0.000],    20.086
 0.485,     0.405,    [     0.000],    20.086
 0.493,     0.405,    [     0.000],    20.086

 pctg,    rr,    α,    β
 0.600,     0.302,    [     0.000],    20.086


seed_val:    9
 0.165,     0.158,    [     0.000],    20.086
 0.280,     0.257,    [     0.000],    20.086
 0.348,     0.320,    [     0.000],    20.086
 0.377,     0.329,    [     0.000],    20.086
 0.396,     0.340,    [     0.000],    20.086
 0.409,     0.345,    [     0.000],    20.086
 0.412,     0.348,    [     0.000],    20.086
 0.425,     0.347,    [     0.000],    20.086
 0.439,     0.354,    [     0.000],    20.086
 0.445,     0.354,    [     0.000],    20.086
 0.450,     0.361,    [     0.000],    20.086
 0.458,     0.361,    [     0.000],    20.086
 0.468,     0.370,    [     0.000],    20.086
 0.462,     0.365,    [     0.000],    20.086
 0.480,     0.368,    [     0.000],    20.086

 pctg,    rr,    α,    β
 0.600,     0.370,    [     0.000],    20.086


seed_val:    10
 0.130,     0.140,    [     0.000],    20.086
 0.266,     0.243,    [     0.000],    20.086
 0.335,     0.279,    [     0.000],    20.086
 0.368,     0.292,    [     0.000],    20.086
 0.389,     0.288,    [     0.000],    20.086
 0.405,     0.304,    [     0.000],    20.086
 0.412,     0.304,    [     0.000],    20.086
 0.430,     0.305,    [     0.000],    20.086
 0.438,     0.316,    [     0.000],    20.086
 0.452,     0.323,    [     0.000],    20.086
 0.460,     0.322,    [     0.000],    20.086
 0.470,     0.326,    [     0.000],    20.086
 0.472,     0.328,    [     0.000],    20.086
 0.484,     0.328,    [     0.000],    20.086
 0.491,     0.334,    [     0.000],    20.086

 pctg,    rr,    α,    β
 0.600,     0.384,    [     0.000],    20.086

 trans: county_election_2012,     0.356 ±  0.035
 α, β: [     0.000] ± [     0.000], 20.086 ±  0.000


seed_val:    1
 0.430,     0.438,    [     0.000,      0.000],    20.086
 0.678,     0.668,    [     0.000,      0.000],    20.086
 0.768,     0.741,    [     0.000,      0.000],    20.086
 0.775,     0.746,    [     0.000,      0.000],    20.086
 0.775,     0.750,    [     0.000,      0.000],    20.086
 0.776,     0.755,    [     0.000,      0.000],    20.086
 0.781,     0.753,    [     0.000,      0.000],    20.086
 0.781,     0.757,    [     0.000,      0.000],    20.086
 0.784,     0.750,    [     0.000,      0.000],    20.086
 0.782,     0.752,    [     0.000,      0.000],    20.086
 0.784,     0.753,    [     0.000,      0.000],    20.086
 0.785,     0.752,    [     0.000,      0.000],    20.086
 0.786,     0.748,    [     0.000,      0.000],    20.086
 0.783,     0.747,    [     0.000,      0.000],    20.086
 0.779,     0.723,    [     0.000,      0.000],    20.086

 pctg,    rr,    α,    β
 0.600,     0.778,    [     0.000,      0.000],    20.086


seed_val:    2
 0.340,     0.312,    [     0.000,      0.000],    20.086
 0.697,     0.705,    [     0.000,      0.000],    20.086
 0.742,     0.778,    [     0.000,      0.000],    20.086
 0.755,     0.799,    [     0.000,      0.000],    20.086
 0.765,     0.818,    [     0.000,      0.000],    20.086
 0.767,     0.814,    [     0.000,      0.000],    20.086
 0.769,     0.814,    [     0.000,      0.000],    20.086
 0.770,     0.813,    [     0.000,      0.000],    20.086
 0.772,     0.819,    [     0.000,      0.000],    20.086
 0.769,     0.813,    [     0.000,      0.000],    20.086
 0.773,     0.823,    [     0.000,      0.000],    20.086
 0.773,     0.814,    [     0.000,      0.000],    20.086
 0.772,     0.822,    [     0.000,      0.000],    20.086
 0.771,     0.808,    [     0.000,      0.000],    20.086
 0.774,     0.818,    [     0.000,      0.000],    20.086

 pctg,    rr,    α,    β
 0.600,     0.759,    [     0.000,      0.000],    20.086


seed_val:    3
 0.568,     0.549,    [     0.000,      0.000],    20.086
 0.714,     0.718,    [     0.000,      0.000],    20.086
 0.748,     0.760,    [     0.000,      0.000],    20.086
 0.763,     0.769,    [     0.000,      0.000],    20.086
 0.771,     0.774,    [     0.000,      0.000],    20.086
 0.774,     0.774,    [     0.000,      0.000],    20.086
 0.777,     0.777,    [     0.000,      0.000],    20.086
 0.779,     0.780,    [     0.000,      0.000],    20.086
 0.779,     0.778,    [     0.000,      0.000],    20.086
 0.781,     0.780,    [     0.000,      0.000],    20.086
 0.785,     0.781,    [     0.000,      0.000],    20.086
 0.785,     0.783,    [     0.000,      0.000],    20.086
 0.783,     0.780,    [     0.000,      0.000],    20.086
 0.781,     0.780,    [     0.000,      0.000],    20.086
 0.785,     0.781,    [     0.000,      0.000],    20.086

 pctg,    rr,    α,    β
 0.600,     0.728,    [     0.000,      0.000],    20.086


seed_val:    4
 0.258,     0.290,    [     0.000,      0.000],    20.086
 0.454,     0.468,    [     0.000,      0.000],    20.086
 0.648,     0.592,    [     0.000,      0.000],    20.086
 0.738,     0.638,    [     0.000,      0.000],    20.086
 0.757,     0.672,    [     0.000,      0.000],    20.086
 0.765,     0.663,    [     0.000,      0.000],    20.086
 0.771,     0.673,    [     0.000,      0.000],    20.086
 0.782,     0.686,    [     0.000,      0.000],    20.086
 0.785,     0.700,    [     0.000,      0.000],    20.086
 0.788,     0.688,    [     0.000,      0.000],    20.086
 0.792,     0.692,    [     0.000,      0.000],    20.086
 0.793,     0.704,    [     0.000,      0.000],    20.086
 0.796,     0.701,    [     0.000,      0.000],    20.086
 0.794,     0.693,    [     0.000,      0.000],    20.086
 0.796,     0.684,    [     0.000,      0.000],    20.086

 pctg,    rr,    α,    β
 0.600,     0.784,    [     0.000,      0.000],    20.086


seed_val:    5
 0.550,     0.540,    [     0.000,      0.000],    20.086
 0.737,     0.738,    [     0.000,      0.000],    20.086
 0.773,     0.768,    [     0.000,      0.000],    20.086
 0.782,     0.774,    [     0.000,      0.000],    20.086
 0.785,     0.773,    [     0.000,      0.000],    20.086
 0.786,     0.770,    [     0.000,      0.000],    20.086
 0.789,     0.774,    [     0.000,      0.000],    20.086
 0.787,     0.771,    [     0.000,      0.000],    20.086
 0.785,     0.766,    [     0.000,      0.000],    20.086
 0.791,     0.767,    [     0.000,      0.000],    20.086
 0.791,     0.770,    [     0.000,      0.000],    20.086
 0.787,     0.772,    [     0.000,      0.000],    20.086
 0.793,     0.773,    [     0.000,      0.000],    20.086
 0.791,     0.769,    [     0.000,      0.000],    20.086
 0.795,     0.772,    [     0.000,      0.000],    20.086

 pctg,    rr,    α,    β
 0.600,     0.721,    [     0.000,      0.000],    20.086


seed_val:    6
 0.576,     0.549,    [     0.000,      0.000],    20.086
 0.751,     0.711,    [     0.000,      0.000],    20.086
 0.777,     0.734,    [     0.000,      0.000],    20.086
 0.779,     0.739,    [     0.000,      0.000],    20.086
 0.767,     0.731,    [     0.000,      0.000],    20.086
 0.784,     0.744,    [     0.000,      0.000],    20.086
 0.785,     0.746,    [     0.000,      0.000],    20.086
 0.777,     0.741,    [     0.000,      0.000],    20.086
 0.786,     0.748,    [     0.000,      0.000],    20.086
 0.787,     0.750,    [     0.000,      0.000],    20.086
 0.789,     0.755,    [     0.000,      0.000],    20.086
 0.788,     0.753,    [     0.000,      0.000],    20.086
 0.793,     0.763,    [     0.000,      0.000],    20.086
 0.791,     0.761,    [     0.000,      0.000],    20.086
 0.786,     0.756,    [     0.000,      0.000],    20.086

 pctg,    rr,    α,    β
 0.600,     0.737,    [     0.000,      0.000],    20.086


seed_val:    7
 0.354,     0.378,    [     0.000,      0.000],    20.086
 0.675,     0.732,    [     0.000,      0.000],    20.086
 0.745,     0.806,    [     0.000,      0.000],    20.086
 0.758,     0.819,    [     0.000,      0.000],    20.086
 0.760,     0.816,    [     0.000,      0.000],    20.086
 0.757,     0.807,    [     0.000,      0.000],    20.086
 0.763,     0.815,    [     0.000,      0.000],    20.086
 0.768,     0.824,    [     0.000,      0.000],    20.086
 0.766,     0.819,    [     0.000,      0.000],    20.086
 0.766,     0.819,    [     0.000,      0.000],    20.086
 0.764,     0.821,    [     0.000,      0.000],    20.086
 0.769,     0.810,    [     0.000,      0.000],    20.086
 0.765,     0.813,    [     0.000,      0.000],    20.086
 0.772,     0.817,    [     0.000,      0.000],    20.086
 0.767,     0.804,    [     0.000,      0.000],    20.086

 pctg,    rr,    α,    β
 0.600,     0.724,    [     0.000,      0.000],    20.086


seed_val:    8
 0.263,     0.310,    [     0.000,      0.000],    20.086
 0.471,     0.565,    [     0.000,      0.000],    20.086
 0.694,     0.770,    [     0.000,      0.000],    20.086
 0.728,     0.801,    [     0.000,      0.000],    20.086
 0.736,     0.813,    [     0.000,      0.000],    20.086
 0.744,     0.811,    [     0.000,      0.000],    20.086
 0.746,     0.818,    [     0.000,      0.000],    20.086
 0.750,     0.819,    [     0.000,      0.000],    20.086
 0.753,     0.823,    [     0.000,      0.000],    20.086
 0.753,     0.811,    [     0.000,      0.000],    20.086
 0.757,     0.821,    [     0.000,      0.000],    20.086
 0.753,     0.825,    [     0.000,      0.000],    20.086
 0.757,     0.820,    [     0.000,      0.000],    20.086
 0.759,     0.823,    [     0.000,      0.000],    20.086
 0.755,     0.825,    [     0.000,      0.000],    20.086

 pctg,    rr,    α,    β
 0.600,     0.753,    [     0.000,      0.000],    20.086


seed_val:    9
 0.421,     0.418,    [     0.000,      0.000],    20.086
 0.691,     0.659,    [     0.000,      0.000],    20.086
 0.752,     0.714,    [     0.000,      0.000],    20.086
 0.761,     0.726,    [     0.000,      0.000],    20.086
 0.767,     0.724,    [     0.000,      0.000],    20.086
 0.771,     0.733,    [     0.000,      0.000],    20.086
 0.773,     0.750,    [     0.000,      0.000],    20.086
 0.780,     0.737,    [     0.000,      0.000],    20.086
 0.782,     0.734,    [     0.000,      0.000],    20.086
 0.785,     0.750,    [     0.000,      0.000],    20.086
 0.786,     0.736,    [     0.000,      0.000],    20.086
 0.788,     0.735,    [     0.000,      0.000],    20.086
 0.790,     0.739,    [     0.000,      0.000],    20.086
 0.792,     0.751,    [     0.000,      0.000],    20.086
 0.793,     0.743,    [     0.000,      0.000],    20.086

 pctg,    rr,    α,    β
 0.600,     0.749,    [     0.000,      0.000],    20.086


seed_val:    10
 0.324,     0.312,    [     0.000,      0.000],    20.086
 0.573,     0.605,    [     0.000,      0.000],    20.086
 0.713,     0.765,    [     0.000,      0.000],    20.086
 0.748,     0.788,    [     0.000,      0.000],    20.086
 0.750,     0.795,    [     0.000,      0.000],    20.086
 0.749,     0.806,    [     0.000,      0.000],    20.086
 0.754,     0.809,    [     0.000,      0.000],    20.086
 0.753,     0.813,    [     0.000,      0.000],    20.086
 0.756,     0.807,    [     0.000,      0.000],    20.086
 0.757,     0.803,    [     0.000,      0.000],    20.086
 0.754,     0.806,    [     0.000,      0.000],    20.086
 0.758,     0.799,    [     0.000,      0.000],    20.086
 0.758,     0.810,    [     0.000,      0.000],    20.086
 0.755,     0.797,    [     0.000,      0.000],    20.086
 0.759,     0.812,    [     0.000,      0.000],    20.086

 pctg,    rr,    α,    β
 0.600,     0.769,    [     0.000,      0.000],    20.086

 trans: Anaheim,     0.750 ±  0.022
 α, β: [     0.000,      0.000] ± [     0.000,      0.000], 20.086 ±  0.000


seed_val:    1
 0.436,     0.393,    [     0.000,      0.000],    20.086
 0.585,     0.591,    [     0.000,      0.000],    20.086
 0.625,     0.647,    [     0.000,      0.000],    20.086
 0.642,     0.663,    [     0.000,      0.000],    20.086
 0.658,     0.676,    [     0.000,      0.000],    20.086
 0.665,     0.686,    [     0.000,      0.000],    20.086
 0.668,     0.692,    [     0.000,      0.000],    20.086
 0.670,     0.687,    [     0.000,      0.000],    20.086
 0.667,     0.693,    [     0.000,      0.000],    20.086
 0.675,     0.690,    [     0.000,      0.000],    20.086
 0.671,     0.688,    [     0.000,      0.000],    20.086
 0.675,     0.685,    [     0.000,      0.000],    20.086
 0.675,     0.677,    [     0.000,      0.000],    20.086
 0.678,     0.697,    [     0.000,      0.000],    20.086
 0.682,     0.692,    [     0.000,      0.000],    20.086

 pctg,    rr,    α,    β
 0.600,     0.549,    [     0.000,      0.000],    20.086


seed_val:    2
 0.355,     0.340,    [     0.000,      0.000],    20.086
 0.585,     0.608,    [     0.000,      0.000],    20.086
 0.605,     0.628,    [     0.000,      0.000],    20.086
 0.617,     0.645,    [     0.000,      0.000],    20.086
 0.632,     0.658,    [     0.000,      0.000],    20.086
 0.633,     0.665,    [     0.000,      0.000],    20.086
 0.649,     0.670,    [     0.000,      0.000],    20.086
 0.654,     0.679,    [     0.000,      0.000],    20.086
 0.658,     0.674,    [     0.000,      0.000],    20.086
 0.660,     0.671,    [     0.000,      0.000],    20.086
 0.662,     0.684,    [     0.000,      0.000],    20.086
 0.671,     0.678,    [     0.000,      0.000],    20.086
 0.673,     0.672,    [     0.000,      0.000],    20.086
 0.675,     0.686,    [     0.000,      0.000],    20.086
 0.677,     0.680,    [     0.000,      0.000],    20.086

 pctg,    rr,    α,    β
 0.600,     0.543,    [     0.000,      0.000],    20.086


seed_val:    3
 0.583,     0.543,    [     0.000,      0.000],    20.086
 0.606,     0.563,    [     0.000,      0.000],    20.086
 0.613,     0.561,    [     0.000,      0.000],    20.086
 0.612,     0.561,    [     0.000,      0.000],    20.086
 0.625,     0.570,    [     0.000,      0.000],    20.086
 0.625,     0.571,    [     0.000,      0.000],    20.086
 0.631,     0.575,    [     0.000,      0.000],    20.086
 0.636,     0.571,    [     0.000,      0.000],    20.086
 0.641,     0.572,    [     0.000,      0.000],    20.086
 0.639,     0.571,    [     0.000,      0.000],    20.086
 0.646,     0.582,    [     0.000,      0.000],    20.086
 0.651,     0.581,    [     0.000,      0.000],    20.086
 0.652,     0.579,    [     0.000,      0.000],    20.086
 0.655,     0.587,    [     0.000,      0.000],    20.086
 0.656,     0.584,    [     0.000,      0.000],    20.086

 pctg,    rr,    α,    β
 0.600,     0.621,    [     0.000,      0.000],    20.086


seed_val:    4
 0.590,     0.564,    [     0.000,      0.000],    20.086
 0.605,     0.592,    [     0.000,      0.000],    20.086
 0.615,     0.610,    [     0.000,      0.000],    20.086
 0.618,     0.613,    [     0.000,      0.000],    20.086
 0.629,     0.623,    [     0.000,      0.000],    20.086
 0.625,     0.624,    [     0.000,      0.000],    20.086
 0.638,     0.638,    [     0.000,      0.000],    20.086
 0.639,     0.640,    [     0.000,      0.000],    20.086
 0.637,     0.639,    [     0.000,      0.000],    20.086
 0.642,     0.645,    [     0.000,      0.000],    20.086
 0.643,     0.645,    [     0.000,      0.000],    20.086
 0.646,     0.648,    [     0.000,      0.000],    20.086
 0.647,     0.652,    [     0.000,      0.000],    20.086
 0.652,     0.657,    [     0.000,      0.000],    20.086
 0.654,     0.659,    [     0.000,      0.000],    20.086

 pctg,    rr,    α,    β
 0.600,     0.615,    [     0.000,      0.000],    20.086


seed_val:    5
 0.242,     0.229,    [     0.000,      0.000],    20.086
 0.572,     0.565,    [     0.000,      0.000],    20.086
 0.602,     0.579,    [     0.000,      0.000],    20.086
 0.619,     0.601,    [     0.000,      0.000],    20.086
 0.631,     0.641,    [     0.000,      0.000],    20.086
 0.640,     0.637,    [     0.000,      0.000],    20.086
 0.641,     0.635,    [     0.000,      0.000],    20.086
 0.645,     0.642,    [     0.000,      0.000],    20.086
 0.648,     0.652,    [     0.000,      0.000],    20.086
 0.651,     0.649,    [     0.000,      0.000],    20.086
 0.651,     0.653,    [     0.000,      0.000],    20.086
 0.654,     0.659,    [     0.000,      0.000],    20.086
 0.656,     0.647,    [     0.000,      0.000],    20.086
 0.658,     0.654,    [     0.000,      0.000],    20.086
 0.660,     0.660,    [     0.000,      0.000],    20.086

 pctg,    rr,    α,    β
 0.600,     0.654,    [     0.000,      0.000],    20.086


seed_val:    6
 0.534,     0.536,    [     0.000,      0.000],    20.086
 0.591,     0.585,    [     0.000,      0.000],    20.086
 0.602,     0.590,    [     0.000,      0.000],    20.086
 0.610,     0.590,    [     0.000,      0.000],    20.086
 0.614,     0.591,    [     0.000,      0.000],    20.086
 0.617,     0.587,    [     0.000,      0.000],    20.086
 0.619,     0.587,    [     0.000,      0.000],    20.086
 0.622,     0.591,    [     0.000,      0.000],    20.086
 0.629,     0.597,    [     0.000,      0.000],    20.086
 0.630,     0.595,    [     0.000,      0.000],    20.086
 0.634,     0.605,    [     0.000,      0.000],    20.086
 0.636,     0.607,    [     0.000,      0.000],    20.086
 0.639,     0.614,    [     0.000,      0.000],    20.086
 0.640,     0.607,    [     0.000,      0.000],    20.086
 0.643,     0.613,    [     0.000,      0.000],    20.086

 pctg,    rr,    α,    β
 0.600,     0.683,    [     0.000,      0.000],    20.086


seed_val:    7
 0.493,     0.449,    [     0.000,      0.000],    20.086
 0.574,     0.541,    [     0.000,      0.000],    20.086
 0.602,     0.572,    [     0.000,      0.000],    20.086
 0.622,     0.594,    [     0.000,      0.000],    20.086
 0.632,     0.611,    [     0.000,      0.000],    20.086
 0.640,     0.629,    [     0.000,      0.000],    20.086
 0.646,     0.642,    [     0.000,      0.000],    20.086
 0.651,     0.638,    [     0.000,      0.000],    20.086
 0.653,     0.657,    [     0.000,      0.000],    20.086
 0.652,     0.654,    [     0.000,      0.000],    20.086
 0.660,     0.652,    [     0.000,      0.000],    20.086
 0.662,     0.648,    [     0.000,      0.000],    20.086
 0.659,     0.661,    [     0.000,      0.000],    20.086
 0.669,     0.664,    [     0.000,      0.000],    20.086
 0.669,     0.657,    [     0.000,      0.000],    20.086

 pctg,    rr,    α,    β
 0.600,     0.541,    [     0.000,      0.000],    20.086


seed_val:    8
 0.545,     0.579,    [     0.000,      0.000],    20.086
 0.598,     0.640,    [     0.000,      0.000],    20.086
 0.608,     0.649,    [     0.000,      0.000],    20.086
 0.619,     0.655,    [     0.000,      0.000],    20.086
 0.623,     0.648,    [     0.000,      0.000],    20.086
 0.631,     0.653,    [     0.000,      0.000],    20.086
 0.639,     0.673,    [     0.000,      0.000],    20.086
 0.643,     0.669,    [     0.000,      0.000],    20.086
 0.646,     0.665,    [     0.000,      0.000],    20.086
 0.648,     0.669,    [     0.000,      0.000],    20.086
 0.654,     0.686,    [     0.000,      0.000],    20.086
 0.656,     0.685,    [     0.000,      0.000],    20.086
 0.659,     0.685,    [     0.000,      0.000],    20.086
 0.659,     0.676,    [     0.000,      0.000],    20.086
 0.662,     0.679,    [     0.000,      0.000],    20.086

 pctg,    rr,    α,    β
 0.600,     0.570,    [     0.000,      0.000],    20.086


seed_val:    9
 0.580,     0.579,    [     0.000,      0.000],    20.086
 0.602,     0.616,    [     0.000,      0.000],    20.086
 0.628,     0.620,    [     0.000,      0.000],    20.086
 0.639,     0.616,    [     0.000,      0.000],    20.086
 0.648,     0.624,    [     0.000,      0.000],    20.086
 0.658,     0.623,    [     0.000,      0.000],    20.086
 0.663,     0.623,    [     0.000,      0.000],    20.086
 0.666,     0.621,    [     0.000,      0.000],    20.086
 0.673,     0.612,    [     0.000,      0.000],    20.086
 0.678,     0.614,    [     0.000,      0.000],    20.086
 0.682,     0.608,    [     0.000,      0.000],    20.086
 0.675,     0.598,    [     0.000,      0.000],    20.086
 0.685,     0.603,    [     0.000,      0.000],    20.086
 0.684,     0.611,    [     0.000,      0.000],    20.086
 0.689,     0.603,    [     0.000,      0.000],    20.086

 pctg,    rr,    α,    β
 0.600,     0.575,    [     0.000,      0.000],    20.086


seed_val:    10
 0.577,     0.541,    [     0.000,      0.000],    20.086
 0.614,     0.586,    [     0.000,      0.000],    20.086
 0.629,     0.592,    [     0.000,      0.000],    20.086
 0.629,     0.594,    [     0.000,      0.000],    20.086
 0.640,     0.607,    [     0.000,      0.000],    20.086
 0.644,     0.600,    [     0.000,      0.000],    20.086
 0.654,     0.619,    [     0.000,      0.000],    20.086
 0.657,     0.618,    [     0.000,      0.000],    20.086
 0.659,     0.621,    [     0.000,      0.000],    20.086
 0.660,     0.623,    [     0.000,      0.000],    20.086
 0.665,     0.629,    [     0.000,      0.000],    20.086
 0.666,     0.631,    [     0.000,      0.000],    20.086
 0.667,     0.631,    [     0.000,      0.000],    20.086
 0.669,     0.636,    [     0.000,      0.000],    20.086
 0.668,     0.633,    [     0.000,      0.000],    20.086

 pctg,    rr,    α,    β
 0.600,     0.602,    [     0.000,      0.000],    20.086

 trans: ChicagoSketch,     0.595 ±  0.049
 α, β: [     0.000,      0.000] ± [     0.000,      0.000], 20.086 ±  0.000


seed_val:    1
 0.681,     0.690,    [     0.000],    20.086
 0.682,     0.690,    [     0.000],    20.086
 0.684,     0.690,    [     0.000],    20.086
 0.684,     0.690,    [     0.000],    20.086
 0.684,     0.690,    [     0.000],    20.086
 0.684,     0.690,    [     0.000],    20.086
 0.685,     0.690,    [     0.000],    20.086
 0.685,     0.690,    [     0.000],    20.086
 0.685,     0.690,    [     0.000],    20.086
 0.685,     0.690,    [     0.000],    20.086
 0.685,     0.690,    [     0.000],    20.086
 0.685,     0.690,    [     0.000],    20.086
 0.685,     0.690,    [     0.000],    20.086
 0.685,     0.690,    [     0.000],    20.086
 0.685,     0.690,    [     0.000],    20.086

 pctg,    rr,    α,    β
 0.600,     0.693,    [     0.000],    20.086


seed_val:    2
 0.700,     0.687,    [     0.000],    20.086
 0.700,     0.684,    [     0.000],    20.086
 0.700,     0.684,    [     0.000],    20.086
 0.700,     0.684,    [     0.000],    20.086
 0.702,     0.684,    [     0.000],    20.086
 0.702,     0.684,    [     0.000],    20.086
 0.702,     0.684,    [     0.000],    20.086
 0.702,     0.684,    [     0.000],    20.086
 0.702,     0.684,    [     0.000],    20.086
 0.702,     0.684,    [     0.000],    20.086
 0.702,     0.684,    [     0.000],    20.086
 0.702,     0.684,    [     0.000],    20.086
 0.702,     0.684,    [     0.000],    20.086
 0.702,     0.684,    [     0.000],    20.086
 0.702,     0.684,    [     0.000],    20.086

 pctg,    rr,    α,    β
 0.600,     0.646,    [     0.000],    20.086


seed_val:    3
 0.676,     0.706,    [     0.000],    20.086
 0.676,     0.706,    [     0.000],    20.086
 0.676,     0.706,    [     0.000],    20.086
 0.676,     0.706,    [     0.000],    20.086
 0.677,     0.706,    [     0.000],    20.086
 0.677,     0.706,    [     0.000],    20.086
 0.677,     0.706,    [     0.000],    20.086
 0.677,     0.706,    [     0.000],    20.086
 0.678,     0.708,    [     0.000],    20.086
 0.678,     0.708,    [     0.000],    20.086
 0.678,     0.708,    [     0.000],    20.086
 0.678,     0.708,    [     0.000],    20.086
 0.678,     0.708,    [     0.000],    20.086
 0.678,     0.708,    [     0.000],    20.086
 0.678,     0.708,    [     0.000],    20.086

 pctg,    rr,    α,    β
 0.600,     0.696,    [     0.000],    20.086


seed_val:    4
 0.694,     0.660,    [     0.000],    20.086
 0.695,     0.660,    [     0.000],    20.086
 0.695,     0.660,    [     0.000],    20.086
 0.695,     0.660,    [     0.000],    20.086
 0.695,     0.660,    [     0.000],    20.086
 0.695,     0.660,    [     0.000],    20.086
 0.695,     0.660,    [     0.000],    20.086
 0.695,     0.660,    [     0.000],    20.086
 0.695,     0.660,    [     0.000],    20.086
 0.695,     0.660,    [     0.000],    20.086
 0.695,     0.660,    [     0.000],    20.086
 0.695,     0.660,    [     0.000],    20.086
 0.695,     0.660,    [     0.000],    20.086
 0.695,     0.660,    [     0.000],    20.086
 0.695,     0.660,    [     0.000],    20.086

 pctg,    rr,    α,    β
 0.600,     0.690,    [     0.000],    20.086


seed_val:    5
 0.677,     0.714,    [     0.000],    20.086
 0.677,     0.714,    [     0.000],    20.086
 0.677,     0.714,    [     0.000],    20.086
 0.677,     0.714,    [     0.000],    20.086
 0.678,     0.714,    [     0.000],    20.086
 0.678,     0.714,    [     0.000],    20.086
 0.678,     0.714,    [     0.000],    20.086
 0.678,     0.714,    [     0.000],    20.086
 0.678,     0.714,    [     0.000],    20.086
 0.678,     0.714,    [     0.000],    20.086
 0.678,     0.714,    [     0.000],    20.086
 0.678,     0.714,    [     0.000],    20.086
 0.678,     0.714,    [     0.000],    20.086
 0.678,     0.714,    [     0.000],    20.086
 0.678,     0.714,    [     0.000],    20.086

 pctg,    rr,    α,    β
 0.600,     0.690,    [     0.000],    20.086


seed_val:    6
 0.697,     0.655,    [     0.000],    20.086
 0.697,     0.655,    [     0.000],    20.086
 0.699,     0.655,    [     0.000],    20.086
 0.699,     0.655,    [     0.000],    20.086
 0.699,     0.655,    [     0.000],    20.086
 0.699,     0.655,    [     0.000],    20.086
 0.699,     0.655,    [     0.000],    20.086
 0.699,     0.655,    [     0.000],    20.086
 0.699,     0.655,    [     0.000],    20.086
 0.699,     0.655,    [     0.000],    20.086
 0.699,     0.655,    [     0.000],    20.086
 0.699,     0.655,    [     0.000],    20.086
 0.699,     0.655,    [     0.000],    20.086
 0.699,     0.655,    [     0.000],    20.086
 0.699,     0.655,    [     0.000],    20.086

 pctg,    rr,    α,    β
 0.600,     0.683,    [     0.000],    20.086


seed_val:    7
 0.686,     0.674,    [     0.000],    20.086
 0.686,     0.674,    [     0.000],    20.086
 0.686,     0.674,    [     0.000],    20.086
 0.687,     0.674,    [     0.000],    20.086
 0.687,     0.674,    [     0.000],    20.086
 0.687,     0.674,    [     0.000],    20.086
 0.687,     0.674,    [     0.000],    20.086
 0.687,     0.674,    [     0.000],    20.086
 0.687,     0.674,    [     0.000],    20.086
 0.687,     0.674,    [     0.000],    20.086
 0.687,     0.674,    [     0.000],    20.086
 0.687,     0.674,    [     0.000],    20.086
 0.687,     0.674,    [     0.000],    20.086
 0.687,     0.674,    [     0.000],    20.086
 0.687,     0.674,    [     0.000],    20.086

 pctg,    rr,    α,    β
 0.600,     0.698,    [     0.000],    20.086


seed_val:    8
 0.692,     0.708,    [     0.000],    20.086
 0.692,     0.708,    [     0.000],    20.086
 0.692,     0.708,    [     0.000],    20.086
 0.692,     0.708,    [     0.000],    20.086
 0.692,     0.708,    [     0.000],    20.086
 0.692,     0.708,    [     0.000],    20.086
 0.692,     0.708,    [     0.000],    20.086
 0.692,     0.708,    [     0.000],    20.086
 0.693,     0.708,    [     0.000],    20.086
 0.693,     0.708,    [     0.000],    20.086
 0.693,     0.708,    [     0.000],    20.086
 0.693,     0.708,    [     0.000],    20.086
 0.693,     0.708,    [     0.000],    20.086
 0.693,     0.708,    [     0.000],    20.086
 0.693,     0.708,    [     0.000],    20.086

 pctg,    rr,    α,    β
 0.600,     0.648,    [     0.000],    20.086


seed_val:    9
 0.649,     0.642,    [     0.000],    20.086
 0.688,     0.687,    [     0.000],    20.086
 0.688,     0.687,    [     0.000],    20.086
 0.688,     0.687,    [     0.000],    20.086
 0.688,     0.690,    [     0.000],    20.086
 0.688,     0.690,    [     0.000],    20.086
 0.688,     0.690,    [     0.000],    20.086
 0.688,     0.690,    [     0.000],    20.086
 0.688,     0.690,    [     0.000],    20.086
 0.689,     0.692,    [     0.000],    20.086
 0.689,     0.692,    [     0.000],    20.086
 0.689,     0.692,    [     0.000],    20.086
 0.689,     0.692,    [     0.000],    20.086
 0.689,     0.692,    [     0.000],    20.086
 0.689,     0.692,    [     0.000],    20.086

 pctg,    rr,    α,    β
 0.600,     0.677,    [     0.000],    20.086


seed_val:    10
 0.710,     0.629,    [     0.000],    20.086
 0.710,     0.629,    [     0.000],    20.086
 0.710,     0.629,    [     0.000],    20.086
 0.710,     0.629,    [     0.000],    20.086
 0.710,     0.629,    [     0.000],    20.086
 0.710,     0.629,    [     0.000],    20.086
 0.711,     0.629,    [     0.000],    20.086
 0.711,     0.629,    [     0.000],    20.086
 0.711,     0.629,    [     0.000],    20.086
 0.711,     0.629,    [     0.000],    20.086
 0.711,     0.629,    [     0.000],    20.086
 0.711,     0.629,    [     0.000],    20.086
 0.711,     0.629,    [     0.000],    20.086
 0.711,     0.629,    [     0.000],    20.086
 0.711,     0.629,    [     0.000],    20.086

 pctg,    rr,    α,    β
 0.600,     0.677,    [     0.000],    20.086

 trans: sexual_1,     0.680 ±  0.019
 α, β: [     0.000] ± [     0.000], 20.086 ±  0.000


seed_val:    1
 0.243,     0.224,    [     0.000],    20.086
 0.572,     0.535,    [     0.000],    20.086
 0.606,     0.568,    [     0.000],    20.086
 0.616,     0.567,    [     0.000],    20.086
 0.621,     0.566,    [     0.000],    20.086
 0.625,     0.573,    [     0.000],    20.086
 0.630,     0.573,    [     0.000],    20.086
 0.634,     0.569,    [     0.000],    20.086
 0.637,     0.569,    [     0.000],    20.086
 0.635,     0.565,    [     0.000],    20.086
 0.643,     0.564,    [     0.000],    20.086
 0.645,     0.565,    [     0.000],    20.086
 0.645,     0.565,    [     0.000],    20.086
 0.649,     0.569,    [     0.000],    20.086
 0.645,     0.557,    [     0.000],    20.086

 pctg,    rr,    α,    β
 0.600,     0.629,    [     0.000],    20.086


seed_val:    2
 0.303,     0.314,    [     0.000],    20.086
 0.577,     0.512,    [     0.000],    20.086
 0.616,     0.542,    [     0.000],    20.086
 0.627,     0.557,    [     0.000],    20.086
 0.635,     0.564,    [     0.000],    20.086
 0.639,     0.563,    [     0.000],    20.086
 0.643,     0.570,    [     0.000],    20.086
 0.650,     0.569,    [     0.000],    20.086
 0.650,     0.565,    [     0.000],    20.086
 0.655,     0.562,    [     0.000],    20.086
 0.658,     0.571,    [     0.000],    20.086
 0.659,     0.570,    [     0.000],    20.086
 0.661,     0.573,    [     0.000],    20.086
 0.662,     0.568,    [     0.000],    20.086
 0.665,     0.558,    [     0.000],    20.086

 pctg,    rr,    α,    β
 0.600,     0.644,    [     0.000],    20.086


seed_val:    3
 0.417,     0.383,    [     0.000],    20.086
 0.559,     0.544,    [     0.000],    20.086
 0.597,     0.569,    [     0.000],    20.086
 0.610,     0.568,    [     0.000],    20.086
 0.617,     0.573,    [     0.000],    20.086
 0.625,     0.576,    [     0.000],    20.086
 0.632,     0.576,    [     0.000],    20.086
 0.636,     0.578,    [     0.000],    20.086
 0.639,     0.576,    [     0.000],    20.086
 0.639,     0.566,    [     0.000],    20.086
 0.642,     0.571,    [     0.000],    20.086
 0.646,     0.572,    [     0.000],    20.086
 0.645,     0.572,    [     0.000],    20.086
 0.651,     0.570,    [     0.000],    20.086
 0.653,     0.576,    [     0.000],    20.086

 pctg,    rr,    α,    β
 0.600,     0.634,    [     0.000],    20.086


seed_val:    4
 0.439,     0.414,    [     0.000],    20.086
 0.584,     0.579,    [     0.000],    20.086
 0.609,     0.606,    [     0.000],    20.086
 0.619,     0.615,    [     0.000],    20.086
 0.626,     0.618,    [     0.000],    20.086
 0.630,     0.620,    [     0.000],    20.086
 0.634,     0.618,    [     0.000],    20.086
 0.635,     0.615,    [     0.000],    20.086
 0.641,     0.627,    [     0.000],    20.086
 0.641,     0.632,    [     0.000],    20.086
 0.647,     0.629,    [     0.000],    20.086
 0.650,     0.627,    [     0.000],    20.086
 0.651,     0.623,    [     0.000],    20.086
 0.652,     0.624,    [     0.000],    20.086
 0.650,     0.631,    [     0.000],    20.086

 pctg,    rr,    α,    β
 0.600,     0.558,    [     0.000],    20.086


seed_val:    5
 0.407,     0.348,    [     0.000],    20.086
 0.613,     0.514,    [     0.000],    20.086
 0.629,     0.528,    [     0.000],    20.086
 0.640,     0.549,    [     0.000],    20.086
 0.645,     0.545,    [     0.000],    20.086
 0.648,     0.558,    [     0.000],    20.086
 0.653,     0.562,    [     0.000],    20.086
 0.656,     0.565,    [     0.000],    20.086
 0.660,     0.570,    [     0.000],    20.086
 0.662,     0.564,    [     0.000],    20.086
 0.662,     0.573,    [     0.000],    20.086
 0.668,     0.565,    [     0.000],    20.086
 0.671,     0.573,    [     0.000],    20.086
 0.673,     0.567,    [     0.000],    20.086
 0.677,     0.581,    [     0.000],    20.086

 pctg,    rr,    α,    β
 0.600,     0.603,    [     0.000],    20.086


seed_val:    6
 0.222,     0.193,    [     0.000],    20.086
 0.496,     0.474,    [     0.000],    20.086
 0.603,     0.563,    [     0.000],    20.086
 0.615,     0.571,    [     0.000],    20.086
 0.627,     0.576,    [     0.000],    20.086
 0.630,     0.583,    [     0.000],    20.086
 0.636,     0.582,    [     0.000],    20.086
 0.639,     0.570,    [     0.000],    20.086
 0.645,     0.581,    [     0.000],    20.086
 0.647,     0.577,    [     0.000],    20.086
 0.650,     0.581,    [     0.000],    20.086
 0.648,     0.571,    [     0.000],    20.086
 0.652,     0.581,    [     0.000],    20.086
 0.657,     0.578,    [     0.000],    20.086
 0.659,     0.574,    [     0.000],    20.086

 pctg,    rr,    α,    β
 0.600,     0.605,    [     0.000],    20.086


seed_val:    7
 0.455,     0.438,    [     0.000],    20.086
 0.602,     0.581,    [     0.000],    20.086
 0.617,     0.591,    [     0.000],    20.086
 0.627,     0.596,    [     0.000],    20.086
 0.632,     0.596,    [     0.000],    20.086
 0.636,     0.597,    [     0.000],    20.086
 0.640,     0.596,    [     0.000],    20.086
 0.642,     0.598,    [     0.000],    20.086
 0.645,     0.603,    [     0.000],    20.086
 0.648,     0.600,    [     0.000],    20.086
 0.650,     0.599,    [     0.000],    20.086
 0.652,     0.598,    [     0.000],    20.086
 0.653,     0.603,    [     0.000],    20.086
 0.653,     0.595,    [     0.000],    20.086
 0.658,     0.599,    [     0.000],    20.086

 pctg,    rr,    α,    β
 0.600,     0.663,    [     0.000],    20.086


seed_val:    8
 0.532,     0.418,    [     0.000],    20.086
 0.599,     0.500,    [     0.000],    20.086
 0.624,     0.520,    [     0.000],    20.086
 0.636,     0.533,    [     0.000],    20.086
 0.645,     0.542,    [     0.000],    20.086
 0.651,     0.540,    [     0.000],    20.086
 0.653,     0.547,    [     0.000],    20.086
 0.659,     0.544,    [     0.000],    20.086
 0.663,     0.549,    [     0.000],    20.086
 0.664,     0.554,    [     0.000],    20.086
 0.664,     0.552,    [     0.000],    20.086
 0.667,     0.542,    [     0.000],    20.086
 0.671,     0.545,    [     0.000],    20.086
 0.671,     0.544,    [     0.000],    20.086
 0.675,     0.548,    [     0.000],    20.086

 pctg,    rr,    α,    β
 0.600,     0.621,    [     0.000],    20.086


seed_val:    9
 0.390,     0.384,    [     0.000],    20.086
 0.592,     0.556,    [     0.000],    20.086
 0.618,     0.576,    [     0.000],    20.086
 0.626,     0.584,    [     0.000],    20.086
 0.633,     0.583,    [     0.000],    20.086
 0.638,     0.587,    [     0.000],    20.086
 0.642,     0.589,    [     0.000],    20.086
 0.646,     0.593,    [     0.000],    20.086
 0.648,     0.592,    [     0.000],    20.086
 0.650,     0.598,    [     0.000],    20.086
 0.652,     0.589,    [     0.000],    20.086
 0.647,     0.590,    [     0.000],    20.086
 0.657,     0.595,    [     0.000],    20.086
 0.659,     0.595,    [     0.000],    20.086
 0.662,     0.589,    [     0.000],    20.086

 pctg,    rr,    α,    β
 0.600,     0.601,    [     0.000],    20.086


seed_val:    10
 0.414,     0.395,    [     0.000],    20.086
 0.599,     0.603,    [     0.000],    20.086
 0.615,     0.610,    [     0.000],    20.086
 0.624,     0.619,    [     0.000],    20.086
 0.631,     0.618,    [     0.000],    20.086
 0.627,     0.615,    [     0.000],    20.086
 0.638,     0.617,    [     0.000],    20.086
 0.642,     0.618,    [     0.000],    20.086
 0.644,     0.620,    [     0.000],    20.086
 0.650,     0.621,    [     0.000],    20.086
 0.643,     0.612,    [     0.000],    20.086
 0.655,     0.624,    [     0.000],    20.086
 0.655,     0.622,    [     0.000],    20.086
 0.660,     0.625,    [     0.000],    20.086
 0.659,     0.626,    [     0.000],    20.086

 pctg,    rr,    α,    β
 0.600,     0.563,    [     0.000],    20.086

 trans: twitch_PTBR_true_8,     0.612 ±  0.033
 α, β: [     0.000] ± [     0.000], 20.086 ±  0.000
