

seed_val:    1
┌ Warning: `CSV.read(input; kw...)` is deprecated in favor of `using DataFrames; CSV.read(input, DataFrame; kw...)
│   caller = read at CSV.jl:40 [inlined]
└ @ Core ~/.julia/packages/CSV/MKemC/src/CSV.jl:40
┌ Warning: `CSV.read(input; kw...)` is deprecated in favor of `using DataFrames; CSV.read(input, DataFrame; kw...)
│   caller = read at CSV.jl:40 [inlined]
└ @ Core ~/.julia/packages/CSV/MKemC/src/CSV.jl:40
 0.741,     0.584,    [     0.000],    20.086
 0.799,     0.626,    [     0.000],    20.086
 0.820,     0.676,    [     0.000],    20.086
 0.826,     0.716,    [     0.000],    20.086
 0.848,     0.735,    [     0.000],    20.086
 0.855,     0.761,    [     0.000],    20.086
 0.861,     0.772,    [     0.000],    20.086
 0.867,     0.796,    [     0.000],    20.086
 0.866,     0.814,    [     0.000],    20.086
 0.863,     0.822,    [     0.000],    20.086
 0.876,     0.796,    [     0.000],    20.086
 0.881,     0.798,    [     0.000],    20.086
 0.878,     0.822,    [     0.000],    20.086
 0.884,     0.812,    [     0.000],    20.086
 0.884,     0.812,    [     0.000],    20.086

 pctg,    rr,    α,    β
 0.600,     0.775,    [     0.000],    20.086


seed_val:    2
 0.701,     0.578,    [     0.000],    20.086
 0.729,     0.589,    [     0.000],    20.086
 0.757,     0.660,    [     0.000],    20.086
 0.771,     0.671,    [     0.000],    20.086
 0.781,     0.708,    [     0.000],    20.086
 0.787,     0.716,    [     0.000],    20.086
 0.797,     0.743,    [     0.000],    20.086
 0.801,     0.748,    [     0.000],    20.086
 0.822,     0.761,    [     0.000],    20.086
 0.836,     0.782,    [     0.000],    20.086
 0.844,     0.782,    [     0.000],    20.086
 0.849,     0.788,    [     0.000],    20.086
 0.852,     0.804,    [     0.000],    20.086
 0.864,     0.804,    [     0.000],    20.086
 0.864,     0.798,    [     0.000],    20.086

 pctg,    rr,    α,    β
 0.600,     0.780,    [     0.000],    20.086


seed_val:    3
 0.692,     0.557,    [     0.000],    20.086
 0.718,     0.554,    [     0.000],    20.086
 0.771,     0.605,    [     0.000],    20.086
 0.791,     0.610,    [     0.000],    20.086
 0.802,     0.637,    [     0.000],    20.086
 0.814,     0.650,    [     0.000],    20.086
 0.819,     0.671,    [     0.000],    20.086
 0.834,     0.684,    [     0.000],    20.086
 0.836,     0.679,    [     0.000],    20.086
 0.845,     0.695,    [     0.000],    20.086
 0.857,     0.721,    [     0.000],    20.086
 0.861,     0.724,    [     0.000],    20.086
 0.862,     0.732,    [     0.000],    20.086
 0.862,     0.732,    [     0.000],    20.086
 0.870,     0.737,    [     0.000],    20.086

 pctg,    rr,    α,    β
 0.600,     0.791,    [     0.000],    20.086


seed_val:    4
 0.713,     0.589,    [     0.000],    20.086
 0.738,     0.618,    [     0.000],    20.086
 0.769,     0.660,    [     0.000],    20.086
 0.782,     0.671,    [     0.000],    20.086
 0.797,     0.690,    [     0.000],    20.086
 0.814,     0.719,    [     0.000],    20.086
 0.823,     0.721,    [     0.000],    20.086
 0.823,     0.732,    [     0.000],    20.086
 0.828,     0.735,    [     0.000],    20.086
 0.849,     0.764,    [     0.000],    20.086
 0.844,     0.761,    [     0.000],    20.086
 0.852,     0.777,    [     0.000],    20.086
 0.857,     0.777,    [     0.000],    20.086
 0.862,     0.790,    [     0.000],    20.086
 0.860,     0.780,    [     0.000],    20.086

 pctg,    rr,    α,    β
 0.600,     0.767,    [     0.000],    20.086


seed_val:    5
 0.721,     0.634,    [     0.000],    20.086
 0.762,     0.666,    [     0.000],    20.086
 0.769,     0.724,    [     0.000],    20.086
 0.789,     0.737,    [     0.000],    20.086
 0.814,     0.767,    [     0.000],    20.086
 0.822,     0.780,    [     0.000],    20.086
 0.831,     0.793,    [     0.000],    20.086
 0.833,     0.812,    [     0.000],    20.086
 0.847,     0.828,    [     0.000],    20.086
 0.850,     0.833,    [     0.000],    20.086
 0.858,     0.828,    [     0.000],    20.086
 0.859,     0.841,    [     0.000],    20.086
 0.865,     0.833,    [     0.000],    20.086
 0.865,     0.828,    [     0.000],    20.086
 0.873,     0.846,    [     0.000],    20.086

 pctg,    rr,    α,    β
 0.600,     0.812,    [     0.000],    20.086


seed_val:    6
 0.713,     0.536,    [     0.000],    20.086
 0.738,     0.576,    [     0.000],    20.086
 0.753,     0.631,    [     0.000],    20.086
 0.772,     0.674,    [     0.000],    20.086
 0.786,     0.706,    [     0.000],    20.086
 0.795,     0.729,    [     0.000],    20.086
 0.807,     0.727,    [     0.000],    20.086
 0.815,     0.751,    [     0.000],    20.086
 0.824,     0.753,    [     0.000],    20.086
 0.837,     0.764,    [     0.000],    20.086
 0.849,     0.780,    [     0.000],    20.086
 0.853,     0.777,    [     0.000],    20.086
 0.853,     0.788,    [     0.000],    20.086
 0.856,     0.785,    [     0.000],    20.086
 0.868,     0.790,    [     0.000],    20.086

 pctg,    rr,    α,    β
 0.600,     0.825,    [     0.000],    20.086


seed_val:    7
 0.741,     0.597,    [     0.000],    20.086
 0.771,     0.637,    [     0.000],    20.086
 0.786,     0.682,    [     0.000],    20.086
 0.807,     0.708,    [     0.000],    20.086
 0.821,     0.729,    [     0.000],    20.086
 0.842,     0.743,    [     0.000],    20.086
 0.850,     0.743,    [     0.000],    20.086
 0.859,     0.764,    [     0.000],    20.086
 0.868,     0.772,    [     0.000],    20.086
 0.871,     0.777,    [     0.000],    20.086
 0.877,     0.798,    [     0.000],    20.086
 0.886,     0.801,    [     0.000],    20.086
 0.886,     0.804,    [     0.000],    20.086
 0.878,     0.806,    [     0.000],    20.086
 0.885,     0.809,    [     0.000],    20.086

 pctg,    rr,    α,    β
 0.600,     0.788,    [     0.000],    20.086


seed_val:    8
 0.740,     0.541,    [     0.000],    20.086
 0.748,     0.552,    [     0.000],    20.086
 0.766,     0.568,    [     0.000],    20.086
 0.784,     0.599,    [     0.000],    20.086
 0.808,     0.586,    [     0.000],    20.086
 0.816,     0.602,    [     0.000],    20.086
 0.829,     0.663,    [     0.000],    20.086
 0.842,     0.700,    [     0.000],    20.086
 0.848,     0.740,    [     0.000],    20.086
 0.867,     0.785,    [     0.000],    20.086
 0.861,     0.798,    [     0.000],    20.086
 0.871,     0.806,    [     0.000],    20.086
 0.869,     0.806,    [     0.000],    20.086
 0.869,     0.817,    [     0.000],    20.086
 0.877,     0.825,    [     0.000],    20.086

 pctg,    rr,    α,    β
 0.600,     0.788,    [     0.000],    20.086


seed_val:    9
 0.689,     0.515,    [     0.000],    20.086
 0.724,     0.536,    [     0.000],    20.086
 0.755,     0.562,    [     0.000],    20.086
 0.771,     0.621,    [     0.000],    20.086
 0.787,     0.671,    [     0.000],    20.086
 0.809,     0.679,    [     0.000],    20.086
 0.815,     0.721,    [     0.000],    20.086
 0.821,     0.740,    [     0.000],    20.086
 0.843,     0.745,    [     0.000],    20.086
 0.845,     0.759,    [     0.000],    20.086
 0.847,     0.743,    [     0.000],    20.086
 0.850,     0.756,    [     0.000],    20.086
 0.853,     0.753,    [     0.000],    20.086
 0.865,     0.761,    [     0.000],    20.086
 0.871,     0.761,    [     0.000],    20.086

 pctg,    rr,    α,    β
 0.600,     0.788,    [     0.000],    20.086


seed_val:    10
 0.727,     0.573,    [     0.000],    20.086
 0.762,     0.642,    [     0.000],    20.086
 0.791,     0.663,    [     0.000],    20.086
 0.820,     0.700,    [     0.000],    20.086
 0.833,     0.724,    [     0.000],    20.086
 0.838,     0.716,    [     0.000],    20.086
 0.847,     0.748,    [     0.000],    20.086
 0.858,     0.745,    [     0.000],    20.086
 0.868,     0.743,    [     0.000],    20.086
 0.868,     0.745,    [     0.000],    20.086
 0.873,     0.759,    [     0.000],    20.086
 0.875,     0.759,    [     0.000],    20.086
 0.880,     0.772,    [     0.000],    20.086
 0.880,     0.764,    [     0.000],    20.086
 0.879,     0.775,    [     0.000],    20.086

 pctg,    rr,    α,    β
 0.600,     0.794,    [     0.000],    20.086

 trans: sexual_1,     0.791 ±  0.017
 α, β: [     0.000] ± [     0.000], 20.086 ±  0.000
