

seed_val:    1
 0.302,     0.286,    [     0.000],    20.086
 0.563,     0.556,    [     0.000],    20.086
 0.684,     0.663,    [     0.000],    20.086
 0.706,     0.671,    [     0.000],    20.086
 0.717,     0.672,    [     0.000],    20.086
 0.726,     0.680,    [     0.000],    20.086
 0.733,     0.683,    [     0.000],    20.086
 0.739,     0.686,    [     0.000],    20.086
 0.743,     0.691,    [     0.000],    20.086
 0.744,     0.693,    [     0.000],    20.086
 0.752,     0.696,    [     0.000],    20.086
 0.754,     0.691,    [     0.000],    20.086
 0.757,     0.696,    [     0.000],    20.086
 0.762,     0.696,    [     0.000],    20.086
 0.765,     0.699,    [     0.000],    20.086

 pctg,    rr,    α,    β
 0.600,     0.723,    [     0.000],    20.086


seed_val:    2
 0.507,     0.453,    [     0.000],    20.086
 0.689,     0.648,    [     0.000],    20.086
 0.716,     0.672,    [     0.000],    20.086
 0.731,     0.690,    [     0.000],    20.086
 0.739,     0.695,    [     0.000],    20.086
 0.743,     0.693,    [     0.000],    20.086
 0.742,     0.695,    [     0.000],    20.086
 0.747,     0.694,    [     0.000],    20.086
 0.750,     0.697,    [     0.000],    20.086
 0.755,     0.699,    [     0.000],    20.086
 0.757,     0.697,    [     0.000],    20.086
 0.760,     0.696,    [     0.000],    20.086
 0.758,     0.697,    [     0.000],    20.086
 0.762,     0.693,    [     0.000],    20.086
 0.759,     0.692,    [     0.000],    20.086

 pctg,    rr,    α,    β
 0.600,     0.740,    [     0.000],    20.086


seed_val:    3
 0.602,     0.599,    [     0.000],    20.086
 0.684,     0.667,    [     0.000],    20.086
 0.709,     0.691,    [     0.000],    20.086
 0.722,     0.699,    [     0.000],    20.086
 0.732,     0.707,    [     0.000],    20.086
 0.739,     0.707,    [     0.000],    20.086
 0.744,     0.707,    [     0.000],    20.086
 0.750,     0.710,    [     0.000],    20.086
 0.754,     0.710,    [     0.000],    20.086
 0.754,     0.705,    [     0.000],    20.086
 0.756,     0.710,    [     0.000],    20.086
 0.762,     0.709,    [     0.000],    20.086
 0.762,     0.701,    [     0.000],    20.086
 0.767,     0.712,    [     0.000],    20.086
 0.772,     0.714,    [     0.000],    20.086

 pctg,    rr,    α,    β
 0.600,     0.733,    [     0.000],    20.086


seed_val:    4
 0.625,     0.618,    [     0.000],    20.086
 0.697,     0.695,    [     0.000],    20.086
 0.711,     0.711,    [     0.000],    20.086
 0.719,     0.723,    [     0.000],    20.086
 0.726,     0.727,    [     0.000],    20.086
 0.731,     0.729,    [     0.000],    20.086
 0.736,     0.736,    [     0.000],    20.086
 0.738,     0.732,    [     0.000],    20.086
 0.742,     0.736,    [     0.000],    20.086
 0.744,     0.735,    [     0.000],    20.086
 0.747,     0.734,    [     0.000],    20.086
 0.750,     0.733,    [     0.000],    20.086
 0.752,     0.734,    [     0.000],    20.086
 0.753,     0.732,    [     0.000],    20.086
 0.753,     0.731,    [     0.000],    20.086

 pctg,    rr,    α,    β
 0.600,     0.670,    [     0.000],    20.086


seed_val:    5
 0.391,     0.302,    [     0.000],    20.086
 0.651,     0.526,    [     0.000],    20.086
 0.706,     0.592,    [     0.000],    20.086
 0.726,     0.614,    [     0.000],    20.086
 0.739,     0.626,    [     0.000],    20.086
 0.748,     0.644,    [     0.000],    20.086
 0.759,     0.656,    [     0.000],    20.086
 0.764,     0.659,    [     0.000],    20.086
 0.768,     0.665,    [     0.000],    20.086
 0.772,     0.666,    [     0.000],    20.086
 0.775,     0.670,    [     0.000],    20.086
 0.780,     0.672,    [     0.000],    20.086
 0.782,     0.674,    [     0.000],    20.086
 0.785,     0.672,    [     0.000],    20.086
 0.787,     0.676,    [     0.000],    20.086

 pctg,    rr,    α,    β
 0.600,     0.677,    [     0.000],    20.086


seed_val:    6
 0.472,     0.467,    [     0.000],    20.086
 0.647,     0.630,    [     0.000],    20.086
 0.689,     0.673,    [     0.000],    20.086
 0.705,     0.684,    [     0.000],    20.086
 0.715,     0.689,    [     0.000],    20.086
 0.720,     0.690,    [     0.000],    20.086
 0.729,     0.694,    [     0.000],    20.086
 0.733,     0.691,    [     0.000],    20.086
 0.740,     0.698,    [     0.000],    20.086
 0.744,     0.692,    [     0.000],    20.086
 0.750,     0.703,    [     0.000],    20.086
 0.751,     0.693,    [     0.000],    20.086
 0.758,     0.699,    [     0.000],    20.086
 0.762,     0.703,    [     0.000],    20.086
 0.765,     0.703,    [     0.000],    20.086

 pctg,    rr,    α,    β
 0.600,     0.737,    [     0.000],    20.086


seed_val:    7
 0.485,     0.457,    [     0.000],    20.086
 0.661,     0.646,    [     0.000],    20.086
 0.693,     0.679,    [     0.000],    20.086
 0.704,     0.684,    [     0.000],    20.086
 0.708,     0.679,    [     0.000],    20.086
 0.717,     0.691,    [     0.000],    20.086
 0.721,     0.696,    [     0.000],    20.086
 0.724,     0.698,    [     0.000],    20.086
 0.726,     0.705,    [     0.000],    20.086
 0.731,     0.699,    [     0.000],    20.086
 0.733,     0.700,    [     0.000],    20.086
 0.736,     0.699,    [     0.000],    20.086
 0.737,     0.704,    [     0.000],    20.086
 0.739,     0.701,    [     0.000],    20.086
 0.742,     0.699,    [     0.000],    20.086

 pctg,    rr,    α,    β
 0.600,     0.733,    [     0.000],    20.086


seed_val:    8
 0.530,     0.435,    [     0.000],    20.086
 0.670,     0.588,    [     0.000],    20.086
 0.696,     0.622,    [     0.000],    20.086
 0.712,     0.643,    [     0.000],    20.086
 0.726,     0.654,    [     0.000],    20.086
 0.735,     0.659,    [     0.000],    20.086
 0.738,     0.657,    [     0.000],    20.086
 0.747,     0.669,    [     0.000],    20.086
 0.755,     0.670,    [     0.000],    20.086
 0.759,     0.672,    [     0.000],    20.086
 0.761,     0.671,    [     0.000],    20.086
 0.766,     0.672,    [     0.000],    20.086
 0.769,     0.671,    [     0.000],    20.086
 0.769,     0.667,    [     0.000],    20.086
 0.772,     0.669,    [     0.000],    20.086

 pctg,    rr,    α,    β
 0.600,     0.693,    [     0.000],    20.086


seed_val:    9
 0.578,     0.528,    [     0.000],    20.086
 0.681,     0.640,    [     0.000],    20.086
 0.711,     0.672,    [     0.000],    20.086
 0.734,     0.676,    [     0.000],    20.086
 0.742,     0.686,    [     0.000],    20.086
 0.747,     0.680,    [     0.000],    20.086
 0.749,     0.680,    [     0.000],    20.086
 0.754,     0.686,    [     0.000],    20.086
 0.751,     0.685,    [     0.000],    20.086
 0.753,     0.675,    [     0.000],    20.086
 0.760,     0.686,    [     0.000],    20.086
 0.756,     0.674,    [     0.000],    20.086
 0.762,     0.685,    [     0.000],    20.086
 0.763,     0.685,    [     0.000],    20.086
 0.765,     0.688,    [     0.000],    20.086

 pctg,    rr,    α,    β
 0.600,     0.707,    [     0.000],    20.086


seed_val:    10
 0.401,     0.366,    [     0.000],    20.086
 0.651,     0.638,    [     0.000],    20.086
 0.677,     0.667,    [     0.000],    20.086
 0.694,     0.688,    [     0.000],    20.086
 0.708,     0.702,    [     0.000],    20.086
 0.713,     0.708,    [     0.000],    20.086
 0.727,     0.710,    [     0.000],    20.086
 0.738,     0.722,    [     0.000],    20.086
 0.745,     0.729,    [     0.000],    20.086
 0.751,     0.732,    [     0.000],    20.086
 0.754,     0.726,    [     0.000],    20.086
 0.750,     0.731,    [     0.000],    20.086
 0.761,     0.734,    [     0.000],    20.086
 0.765,     0.733,    [     0.000],    20.086
 0.767,     0.730,    [     0.000],    20.086

 pctg,    rr,    α,    β
 0.600,     0.682,    [     0.000],    20.086

 trans: twitch_PTBR_true_8,     0.709 ±  0.027
 α, β: [     0.000] ± [     0.000], 20.086 ±  0.000
