

seed_val:    1
 0.115,    -0.078,    [     0.000],    20.086
 0.115,    -0.078,    [     0.000],    20.086
 0.115,    -0.078,    [     0.000],    20.086
 0.115,    -0.078,    [     0.000],    20.086
 0.115,    -0.078,    [     0.000],    20.086
 0.115,    -0.078,    [     0.000],    20.086
 0.115,    -0.078,    [     0.000],    20.086
 0.115,    -0.078,    [     0.000],    20.086
 0.115,    -0.078,    [     0.000],    20.086
 0.115,    -0.078,    [     0.000],    20.086
 0.115,    -0.078,    [     0.000],    20.086
 0.115,    -0.078,    [     0.000],    20.086
 0.115,    -0.078,    [     0.000],    20.086
 0.115,    -0.078,    [     0.000],    20.086
 0.115,    -0.078,    [     0.000],    20.086

 pctg,    rr,    α,    β
 0.600,    -0.092,    [     0.000],    20.086


seed_val:    2
 0.101,    -0.067,    [     0.000],    20.086
 0.101,    -0.067,    [     0.000],    20.086
 0.101,    -0.067,    [     0.000],    20.086
 0.101,    -0.067,    [     0.000],    20.086
 0.101,    -0.067,    [     0.000],    20.086
 0.101,    -0.067,    [     0.000],    20.086
 0.101,    -0.067,    [     0.000],    20.086
 0.101,    -0.067,    [     0.000],    20.086
 0.101,    -0.067,    [     0.000],    20.086
 0.101,    -0.067,    [     0.000],    20.086
 0.101,    -0.067,    [     0.000],    20.086
 0.101,    -0.067,    [     0.000],    20.086
 0.101,    -0.067,    [     0.000],    20.086
 0.101,    -0.067,    [     0.000],    20.086
 0.101,    -0.067,    [     0.000],    20.086

 pctg,    rr,    α,    β
 0.600,    -0.082,    [     0.000],    20.086


seed_val:    3
 0.096,    -0.092,    [     0.000],    20.086
 0.096,    -0.092,    [     0.000],    20.086
 0.096,    -0.092,    [     0.000],    20.086
 0.096,    -0.092,    [     0.000],    20.086
 0.096,    -0.092,    [     0.000],    20.086
 0.096,    -0.092,    [     0.000],    20.086
 0.096,    -0.092,    [     0.000],    20.086
 0.096,    -0.092,    [     0.000],    20.086
 0.096,    -0.092,    [     0.000],    20.086
 0.096,    -0.092,    [     0.000],    20.086
 0.096,    -0.092,    [     0.000],    20.086
 0.096,    -0.092,    [     0.000],    20.086
 0.096,    -0.092,    [     0.000],    20.086
 0.096,    -0.092,    [     0.000],    20.086
 0.096,    -0.092,    [     0.000],    20.086

 pctg,    rr,    α,    β
 0.600,    -0.037,    [     0.000],    20.086


seed_val:    4
 0.108,    -0.016,    [     0.000],    20.086
 0.108,    -0.016,    [     0.000],    20.086
 0.108,    -0.016,    [     0.000],    20.086
 0.108,    -0.016,    [     0.000],    20.086
 0.108,    -0.016,    [     0.000],    20.086
 0.108,    -0.016,    [     0.000],    20.086
 0.108,    -0.016,    [     0.000],    20.086
 0.108,    -0.016,    [     0.000],    20.086
 0.108,    -0.016,    [     0.000],    20.086
 0.108,    -0.016,    [     0.000],    20.086
 0.108,    -0.016,    [     0.000],    20.086
 0.108,    -0.016,    [     0.000],    20.086
 0.108,    -0.016,    [     0.000],    20.086
 0.108,    -0.016,    [     0.000],    20.086
 0.108,    -0.016,    [     0.000],    20.086

 pctg,    rr,    α,    β
 0.600,    -0.152,    [     0.000],    20.086


seed_val:    5
 0.101,    -0.222,    [     0.000],    20.086
 0.101,    -0.222,    [     0.000],    20.086
 0.101,    -0.222,    [     0.000],    20.086
 0.101,    -0.222,    [     0.000],    20.086
 0.101,    -0.222,    [     0.000],    20.086
 0.101,    -0.222,    [     0.000],    20.086
 0.101,    -0.222,    [     0.000],    20.086
 0.101,    -0.222,    [     0.000],    20.086
 0.101,    -0.222,    [     0.000],    20.086
 0.101,    -0.222,    [     0.000],    20.086
 0.101,    -0.222,    [     0.000],    20.086
 0.101,    -0.222,    [     0.000],    20.086
 0.101,    -0.222,    [     0.000],    20.086
 0.101,    -0.222,    [     0.000],    20.086
 0.101,    -0.222,    [     0.000],    20.086

 pctg,    rr,    α,    β
 0.600,    -0.045,    [     0.000],    20.086


seed_val:    6
 0.105,    -0.113,    [     0.000],    20.086
 0.105,    -0.113,    [     0.000],    20.086
 0.105,    -0.113,    [     0.000],    20.086
 0.105,    -0.113,    [     0.000],    20.086
 0.105,    -0.113,    [     0.000],    20.086
 0.105,    -0.113,    [     0.000],    20.086
 0.105,    -0.113,    [     0.000],    20.086
 0.105,    -0.113,    [     0.000],    20.086
 0.105,    -0.113,    [     0.000],    20.086
 0.105,    -0.113,    [     0.000],    20.086
 0.105,    -0.113,    [     0.000],    20.086
 0.105,    -0.113,    [     0.000],    20.086
 0.105,    -0.113,    [     0.000],    20.086
 0.105,    -0.113,    [     0.000],    20.086
 0.105,    -0.113,    [     0.000],    20.086

 pctg,    rr,    α,    β
 0.600,    -0.048,    [     0.000],    20.086


seed_val:    7
 0.099,    -0.059,    [     0.000],    20.086
 0.099,    -0.059,    [     0.000],    20.086
 0.099,    -0.059,    [     0.000],    20.086
 0.099,    -0.059,    [     0.000],    20.086
 0.099,    -0.059,    [     0.000],    20.086
 0.099,    -0.059,    [     0.000],    20.086
 0.099,    -0.059,    [     0.000],    20.086
 0.099,    -0.059,    [     0.000],    20.086
 0.099,    -0.059,    [     0.000],    20.086
 0.099,    -0.059,    [     0.000],    20.086
 0.099,    -0.059,    [     0.000],    20.086
 0.099,    -0.059,    [     0.000],    20.086
 0.099,    -0.059,    [     0.000],    20.086
 0.099,    -0.059,    [     0.000],    20.086
 0.099,    -0.059,    [     0.000],    20.086

 pctg,    rr,    α,    β
 0.600,    -0.069,    [     0.000],    20.086


seed_val:    8
 0.111,    -0.154,    [     0.000],    20.086
 0.111,    -0.154,    [     0.000],    20.086
 0.111,    -0.154,    [     0.000],    20.086
 0.111,    -0.154,    [     0.000],    20.086
 0.111,    -0.154,    [     0.000],    20.086
 0.111,    -0.154,    [     0.000],    20.086
 0.111,    -0.154,    [     0.000],    20.086
 0.111,    -0.154,    [     0.000],    20.086
 0.111,    -0.154,    [     0.000],    20.086
 0.111,    -0.154,    [     0.000],    20.086
 0.111,    -0.154,    [     0.000],    20.086
 0.111,    -0.154,    [     0.000],    20.086
 0.111,    -0.154,    [     0.000],    20.086
 0.111,    -0.154,    [     0.000],    20.086
 0.111,    -0.154,    [     0.000],    20.086

 pctg,    rr,    α,    β
 0.600,    -0.072,    [     0.000],    20.086


seed_val:    9
 0.094,    -0.115,    [     0.000],    20.086
 0.094,    -0.115,    [     0.000],    20.086
 0.094,    -0.115,    [     0.000],    20.086
 0.094,    -0.115,    [     0.000],    20.086
 0.094,    -0.115,    [     0.000],    20.086
 0.094,    -0.115,    [     0.000],    20.086
 0.094,    -0.115,    [     0.000],    20.086
 0.094,    -0.115,    [     0.000],    20.086
 0.094,    -0.115,    [     0.000],    20.086
 0.094,    -0.115,    [     0.000],    20.086
 0.094,    -0.115,    [     0.000],    20.086
 0.094,    -0.115,    [     0.000],    20.086
 0.094,    -0.115,    [     0.000],    20.086
 0.094,    -0.115,    [     0.000],    20.086
 0.094,    -0.115,    [     0.000],    20.086

 pctg,    rr,    α,    β
 0.600,    -0.067,    [     0.000],    20.086


seed_val:    10
 0.091,    -0.013,    [     0.000],    20.086
 0.091,    -0.013,    [     0.000],    20.086
 0.091,    -0.013,    [     0.000],    20.086
 0.091,    -0.013,    [     0.000],    20.086
 0.091,    -0.013,    [     0.000],    20.086
 0.091,    -0.013,    [     0.000],    20.086
 0.091,    -0.013,    [     0.000],    20.086
 0.091,    -0.013,    [     0.000],    20.086
 0.091,    -0.013,    [     0.000],    20.086
 0.091,    -0.013,    [     0.000],    20.086
 0.091,    -0.013,    [     0.000],    20.086
 0.091,    -0.013,    [     0.000],    20.086
 0.091,    -0.013,    [     0.000],    20.086
 0.091,    -0.013,    [     0.000],    20.086
 0.091,    -0.013,    [     0.000],    20.086

 pctg,    rr,    α,    β
 0.600,    -0.118,    [     0.000],    20.086

 trans: twitch_PTBR_true_8,    -0.078 ±  0.035
 α, β: [     0.000] ± [     0.000], 20.086 ±  0.000
